#################################### Epoch : 1 ####################################
Fold : 1
Feature Set : ['201368_at', '202216_x_at', '207345_at', '212908_at']
Actual Output : [0, 0, 1, 1, 0, 0, 1, 0, 1, 1, 1, 0, 1, 1, 0, 1, 1, 1, 1, 1, 1, 0, 0, 0, 0, 0, 1, 1, 1]
Desired Output : [0, 0, 0, 0, 1, 0, 1, 0, 0, 0, 0, 0, 0, 1, 0, 1, 0, 1, 1, 1, 0, 1, 1, 0, 0, 1, 0, 1, 0]
AUC ROC Score : 0.5404040404040403

Fold : 2
Feature Set : ['220743_at', '208983_s_at', '209138_x_at', '202731_at', '214677_x_at', '209831_x_at', '215121_x_at']
Actual Output : [0, 1, 1, 1, 1, 0, 0, 0, 0, 0, 1, 1, 1, 0, 0, 1, 0, 1, 1, 1, 1, 0, 1, 0, 1, 1, 1, 1, 0]
Desired Output : [0, 0, 0, 1, 0, 0, 0, 1, 0, 1, 1, 0, 1, 0, 0, 0, 1, 0, 1, 0, 0, 0, 1, 0, 1, 1, 0, 1, 0]
AUC ROC Score : 0.6136363636363636

Fold : 3
Feature Set : ['215141_at', '320_at', '209380_s_at']
Actual Output : [1, 1, 0, 1, 0, 1, 0, 1, 1, 1, 1, 1, 0, 0, 0, 1, 0, 0, 1, 0, 1, 0, 1, 0, 0, 1, 1, 0, 0]
Desired Output : [0, 0, 0, 0, 0, 0, 1, 0, 0, 1, 1, 0, 0, 0, 0, 1, 1, 0, 1, 1, 1, 0, 0, 1, 0, 1, 0, 1, 0]
AUC ROC Score : 0.5227272727272727

Fold : 4
Feature Set : ['212900_at', '218252_at', '211451_s_at', '210849_s_at', '211302_s_at', '208392_x_at', '202608_s_at', '213494_s_at']
Actual Output : [0, 0, 1, 0, 1, 1, 1, 1, 0, 0, 1, 1, 1, 0, 0, 0, 1, 1, 1, 0, 1, 0, 1, 1, 1, 1, 0, 0, 0]
Desired Output : [1, 0, 0, 1, 0, 0, 1, 0, 0, 0, 1, 0, 1, 0, 0, 0, 0, 0, 0, 0, 1, 1, 0, 1, 1, 1, 1, 0, 0]
AUC ROC Score : 0.5681818181818181

Fold : 5
Feature Set : ['204876_at', '201368_at', '217747_s_at', '201178_at', '220758_s_at', '209374_s_at']
Actual Output : [1, 1, 1, 0, 0, 0, 0, 0, 1, 1, 1, 1, 1, 1, 1, 1, 1, 0, 0, 1, 0, 0, 0, 0, 1, 0, 0, 0, 0]
Desired Output : [0, 0, 0, 0, 1, 0, 0, 0, 1, 0, 1, 0, 1, 1, 0, 1, 0, 0, 0, 1, 0, 0, 0, 1, 0, 1, 1, 1, 0]
AUC ROC Score : 0.5505050505050505

Fold : 6
Feature Set : ['221351_at', '200809_x_at', '216133_at', '217747_s_at', '212149_at', '209138_x_at', '201760_s_at']
Actual Output : [1, 0, 1, 0, 1, 0, 0, 1, 1, 0, 0, 0, 0, 0, 0, 0, 0, 1, 1, 1, 1, 1, 1, 1, 1, 0, 0, 0, 1]
Desired Output : [0, 1, 0, 0, 0, 0, 0, 1, 1, 0, 1, 0, 0, 1, 1, 0, 0, 0, 1, 0, 0, 0, 1, 1, 0, 1, 0, 1, 0]
AUC ROC Score : 0.4772727272727273

Fold : 7
Feature Set : ['212900_at', '201368_at', '209374_s_at', '221351_at', '218701_at']
Actual Output : [1, 1, 1, 0, 0, 0, 0, 1, 1, 0, 0, 0, 0, 1, 0, 1, 0, 0, 1, 1, 1, 0, 0, 1, 1, 1, 1, 1, 1]
Desired Output : [1, 0, 1, 0, 0, 0, 1, 0, 0, 0, 0, 0, 0, 1, 0, 1, 0, 1, 1, 1, 0, 0, 0, 0, 1, 1, 0, 0, 1]
AUC ROC Score : 0.7146464646464648

Fold : 8
Feature Set : ['201076_at', '204480_s_at', '211451_s_at', '200917_s_at', '206120_at']
Actual Output : [0, 0, 0, 0, 0, 1, 0, 1, 0, 1, 0, 1, 1, 1, 1, 0, 0, 1, 1, 1, 1, 0, 0, 1, 1, 1, 1, 0, 0]
Desired Output : [0, 0, 0, 0, 0, 0, 0, 0, 0, 0, 0, 0, 0, 1, 1, 1, 1, 1, 0, 1, 1, 0, 0, 0, 1, 1, 1, 0, 1]
AUC ROC Score : 0.6691919191919192

Fold : 9
Feature Set : ['211004_s_at', '215778_x_at', '201076_at', '202247_s_at', '209404_s_at', '204670_x_at']
Actual Output : [0, 1, 1, 0, 1, 0, 1, 1, 0, 0, 0, 1, 1, 0, 0, 1, 0, 1, 1, 1, 1, 1, 1, 1, 0, 1, 0, 0, 1]
Desired Output : [0, 1, 0, 1, 0, 0, 0, 0, 0, 0, 0, 0, 1, 0, 0, 0, 0, 0, 1, 1, 0, 1, 1, 1, 1, 1, 1, 0, 0]
AUC ROC Score : 0.6136363636363636

Fold : 10
Feature Set : ['201076_at', '217816_s_at', '221432_s_at', '204670_x_at']
Actual Output : [1, 0, 0, 0, 0, 1, 1, 0, 0, 1, 1, 0, 1, 1, 1, 1, 1, 1, 1, 1, 1, 1, 1, 1, 1]
Desired Output : [0, 1, 0, 0, 0, 0, 0, 0, 0, 0, 0, 0, 0, 0, 1, 0, 1, 1, 0, 1, 1, 1, 1, 0, 0]
AUC ROC Score : 0.6139705882352942

#################################### Epoch : 2 ####################################
Fold : 1
Feature Set : ['220743_at', '209539_at', '201368_at', '209374_s_at', '219193_at']
Actual Output : [0, 0, 0, 1, 1, 0, 1, 0, 1, 1, 1, 0, 0, 1, 1, 1, 1, 1, 1, 1, 1, 1, 1, 0, 1, 1, 0, 1, 0]
Desired Output : [0, 0, 0, 0, 1, 0, 1, 0, 0, 0, 0, 0, 0, 1, 0, 1, 0, 1, 1, 1, 0, 1, 1, 0, 0, 1, 0, 1, 0]
AUC ROC Score : 0.7777777777777778

Fold : 2
Feature Set : ['220743_at', '208983_s_at', '209138_x_at', '202731_at', '214677_x_at', '209831_x_at', '215121_x_at']
Actual Output : [0, 1, 1, 1, 1, 0, 0, 0, 0, 0, 1, 1, 1, 0, 0, 1, 0, 1, 1, 1, 1, 0, 1, 0, 1, 1, 1, 1, 0]
Desired Output : [0, 0, 0, 1, 0, 0, 0, 1, 0, 1, 1, 0, 1, 0, 0, 0, 1, 0, 1, 0, 0, 0, 1, 0, 1, 1, 0, 1, 0]
AUC ROC Score : 0.6136363636363636

Fold : 3
Feature Set : ['201368_at', '219312_s_at', '211004_s_at', '201178_at', '200081_s_at']
Actual Output : [1, 1, 0, 1, 0, 0, 1, 1, 1, 1, 1, 1, 0, 1, 0, 0, 0, 1, 0, 1, 1, 0, 1, 0, 0, 1, 1, 1, 1]
Desired Output : [0, 0, 0, 0, 0, 0, 1, 0, 0, 1, 1, 0, 0, 0, 0, 1, 1, 0, 1, 1, 1, 0, 0, 1, 0, 1, 0, 1, 0]
AUC ROC Score : 0.5126262626262625

Fold : 4
Feature Set : ['220743_at', '205049_s_at', '204641_at', '216207_x_at', '218469_at']
Actual Output : [0, 1, 1, 1, 0, 1, 1, 0, 0, 1, 1, 1, 1, 0, 1, 0, 1, 1, 0, 0, 1, 1, 0, 1, 1, 1, 1, 0, 0]
Desired Output : [1, 0, 0, 1, 0, 0, 1, 0, 0, 0, 1, 0, 1, 0, 0, 0, 0, 0, 0, 0, 1, 1, 0, 1, 1, 1, 1, 0, 0]
AUC ROC Score : 0.7323232323232324

Fold : 5
Feature Set : ['204876_at', '201368_at', '217747_s_at', '201178_at', '220758_s_at', '209374_s_at']
Actual Output : [1, 1, 1, 0, 0, 0, 0, 0, 1, 1, 1, 1, 1, 1, 1, 1, 1, 0, 0, 1, 0, 0, 0, 0, 1, 0, 0, 0, 0]
Desired Output : [0, 0, 0, 0, 1, 0, 0, 0, 1, 0, 1, 0, 1, 1, 0, 1, 0, 0, 0, 1, 0, 0, 0, 1, 0, 1, 1, 1, 0]
AUC ROC Score : 0.5505050505050505

Fold : 6
Feature Set : ['221351_at', '200809_x_at', '216133_at', '217747_s_at', '212149_at', '209138_x_at', '201760_s_at']
Actual Output : [1, 0, 1, 0, 1, 0, 0, 1, 1, 0, 0, 0, 0, 0, 0, 0, 0, 1, 1, 1, 1, 1, 1, 1, 1, 0, 0, 0, 1]
Desired Output : [0, 1, 0, 0, 0, 0, 0, 1, 1, 0, 1, 0, 0, 1, 1, 0, 0, 0, 1, 0, 0, 0, 1, 1, 0, 1, 0, 1, 0]
AUC ROC Score : 0.4772727272727273

Fold : 7
Feature Set : ['221351_at', '201368_at', '216570_x_at', '201369_s_at', '200823_x_at', '212687_at']
Actual Output : [1, 1, 1, 0, 0, 0, 1, 1, 1, 0, 0, 1, 1, 1, 1, 1, 0, 0, 0, 1, 1, 1, 0, 1, 1, 0, 1, 0, 1]
Desired Output : [1, 0, 1, 0, 0, 0, 1, 0, 0, 0, 0, 0, 0, 1, 0, 1, 0, 1, 1, 1, 0, 0, 0, 0, 1, 1, 0, 0, 1]
AUC ROC Score : 0.5858585858585859

Fold : 8
Feature Set : ['220743_at', '209138_x_at', '215141_at']
Actual Output : [0, 0, 0, 1, 0, 0, 0, 1, 1, 1, 1, 1, 0, 1, 1, 1, 1, 1, 0, 1, 1, 1, 0, 0, 0, 1, 1, 0, 1]
Desired Output : [0, 0, 0, 0, 0, 0, 0, 0, 0, 0, 0, 0, 0, 1, 1, 1, 1, 1, 0, 1, 1, 0, 0, 0, 1, 1, 1, 0, 1]
AUC ROC Score : 0.7601010101010102

Fold : 9
Feature Set : ['201076_at', '203524_s_at', '204480_s_at', '200917_s_at', '32088_at', '210629_x_at']
Actual Output : [0, 1, 0, 0, 1, 1, 0, 0, 0, 0, 1, 1, 0, 1, 0, 0, 0, 0, 1, 1, 1, 1, 1, 1, 1, 1, 0, 0, 1]
Desired Output : [0, 1, 0, 1, 0, 0, 0, 0, 0, 0, 0, 0, 1, 0, 0, 0, 0, 0, 1, 1, 0, 1, 1, 1, 1, 1, 1, 0, 0]
AUC ROC Score : 0.6691919191919192

Fold : 10
Feature Set : ['212592_at', '203524_s_at', '220743_at', '209380_s_at']
Actual Output : [0, 1, 0, 1, 0, 1, 0, 0, 1, 1, 1, 1, 1, 1, 1, 1, 1, 1, 1, 1, 1, 1, 1, 1, 1]
Desired Output : [0, 1, 0, 0, 0, 0, 0, 0, 0, 0, 0, 0, 0, 0, 1, 0, 1, 1, 0, 1, 1, 1, 1, 0, 0]
AUC ROC Score : 0.6470588235294117

#################################### Epoch : 3 ####################################
Fold : 1
Feature Set : ['201076_at', '214853_s_at', '211451_s_at']
Actual Output : [1, 1, 0, 0, 0, 1, 0, 0, 0, 1, 1, 0, 0, 0, 1, 1, 1, 1, 1, 1, 1, 1, 0, 1, 0, 1, 0, 1, 1]
Desired Output : [0, 0, 0, 0, 1, 0, 1, 0, 0, 0, 0, 0, 0, 1, 0, 1, 0, 1, 1, 1, 0, 1, 1, 0, 0, 1, 0, 1, 0]
AUC ROC Score : 0.5404040404040403

Fold : 2
Feature Set : ['220743_at', '208983_s_at', '209138_x_at', '202731_at', '214677_x_at', '209831_x_at', '215121_x_at']
Actual Output : [0, 1, 1, 1, 1, 0, 0, 0, 0, 0, 1, 1, 1, 0, 0, 1, 0, 1, 1, 1, 1, 0, 1, 0, 1, 1, 1, 1, 0]
Desired Output : [0, 0, 0, 1, 0, 0, 0, 1, 0, 1, 1, 0, 1, 0, 0, 0, 1, 0, 1, 0, 0, 0, 1, 0, 1, 1, 0, 1, 0]
AUC ROC Score : 0.6136363636363636

Fold : 3
Feature Set : ['201368_at', '219312_s_at', '211004_s_at', '201178_at', '200081_s_at']
Actual Output : [1, 1, 0, 1, 0, 0, 1, 1, 1, 1, 1, 1, 0, 1, 0, 0, 0, 1, 0, 1, 1, 0, 1, 0, 0, 1, 1, 1, 1]
Desired Output : [0, 0, 0, 0, 0, 0, 1, 0, 0, 1, 1, 0, 0, 0, 0, 1, 1, 0, 1, 1, 1, 0, 0, 1, 0, 1, 0, 1, 0]
AUC ROC Score : 0.5126262626262625

Fold : 4
Feature Set : ['201076_at', '214853_s_at', '209374_s_at', '218787_x_at', '211251_x_at', '218478_s_at', '211039_at']
Actual Output : [0, 0, 1, 0, 0, 1, 1, 1, 1, 0, 1, 0, 1, 1, 1, 1, 1, 0, 0, 1, 0, 1, 1, 1, 1, 0, 1, 1, 0]
Desired Output : [1, 0, 0, 1, 0, 0, 1, 0, 0, 0, 1, 0, 1, 0, 0, 0, 0, 0, 0, 0, 1, 1, 0, 1, 1, 1, 1, 0, 0]
AUC ROC Score : 0.5126262626262625

Fold : 5
Feature Set : ['220743_at', '221671_x_at', '204641_at', '209539_at', '209619_at', '209846_s_at', '218469_at', '214669_x_at']
Actual Output : [1, 1, 1, 0, 0, 0, 1, 0, 1, 0, 1, 1, 1, 1, 0, 1, 0, 0, 0, 1, 1, 0, 0, 0, 0, 0, 0, 0, 1]
Desired Output : [0, 0, 0, 0, 1, 0, 0, 0, 1, 0, 1, 0, 1, 1, 0, 1, 0, 0, 0, 1, 0, 0, 0, 1, 0, 1, 1, 1, 0]
AUC ROC Score : 0.5782828282828283

Fold : 6
Feature Set : ['216511_s_at', '202824_s_at', '210756_s_at']
Actual Output : [0, 1, 1, 0, 0, 1, 0, 1, 1, 1, 1, 1, 0, 1, 1, 1, 1, 1, 0, 1, 0, 0, 0, 0, 1, 0, 0, 0, 1]
Desired Output : [0, 1, 0, 0, 0, 0, 0, 1, 1, 0, 1, 0, 0, 1, 1, 0, 0, 0, 1, 0, 0, 0, 1, 1, 0, 1, 0, 1, 0]
AUC ROC Score : 0.4949494949494949

Fold : 7
Feature Set : ['203595_s_at', '201076_at', '201368_at', '214459_x_at', '221567_at']
Actual Output : [1, 1, 1, 0, 0, 0, 1, 1, 1, 0, 0, 1, 1, 1, 0, 1, 1, 1, 0, 0, 0, 1, 0, 0, 0, 0, 0, 0, 1]
Desired Output : [1, 0, 1, 0, 0, 0, 1, 0, 0, 0, 0, 0, 0, 1, 0, 1, 0, 1, 1, 1, 0, 0, 0, 0, 1, 1, 0, 0, 1]
AUC ROC Score : 0.6237373737373737

Fold : 8
Feature Set : ['201076_at', '204480_s_at', '211451_s_at', '200917_s_at', '206120_at']
Actual Output : [0, 0, 0, 0, 0, 1, 0, 1, 0, 1, 0, 1, 1, 1, 1, 0, 0, 1, 1, 1, 1, 0, 0, 1, 1, 1, 1, 0, 0]
Desired Output : [0, 0, 0, 0, 0, 0, 0, 0, 0, 0, 0, 0, 0, 1, 1, 1, 1, 1, 0, 1, 1, 0, 0, 0, 1, 1, 1, 0, 1]
AUC ROC Score : 0.6691919191919192

Fold : 9
Feature Set : ['211004_s_at', '215778_x_at', '201076_at', '202247_s_at', '209404_s_at', '204670_x_at']
Actual Output : [0, 1, 1, 0, 1, 0, 1, 1, 0, 0, 0, 1, 1, 0, 0, 1, 0, 1, 1, 1, 1, 1, 1, 1, 0, 1, 0, 0, 1]
Desired Output : [0, 1, 0, 1, 0, 0, 0, 0, 0, 0, 0, 0, 1, 0, 0, 0, 0, 0, 1, 1, 0, 1, 1, 1, 1, 1, 1, 0, 0]
AUC ROC Score : 0.6136363636363636

Fold : 10
Feature Set : ['212900_at', '209831_x_at', '209380_s_at', '208071_s_at', '213329_at']
Actual Output : [1, 1, 0, 0, 0, 0, 0, 1, 1, 1, 0, 1, 1, 1, 1, 1, 1, 1, 1, 1, 0, 1, 1, 1, 0]
Desired Output : [0, 1, 0, 0, 0, 0, 0, 0, 0, 0, 0, 0, 0, 0, 1, 0, 1, 1, 0, 1, 1, 1, 1, 0, 0]
AUC ROC Score : 0.6433823529411764

#################################### Epoch : 4 ####################################
Fold : 1
Feature Set : ['201076_at', '214853_s_at', '211451_s_at']
Actual Output : [1, 1, 0, 0, 0, 1, 0, 0, 0, 1, 1, 0, 0, 0, 1, 1, 1, 1, 1, 1, 1, 1, 0, 1, 0, 1, 0, 1, 1]
Desired Output : [0, 0, 0, 0, 1, 0, 1, 0, 0, 0, 0, 0, 0, 1, 0, 1, 0, 1, 1, 1, 0, 1, 1, 0, 0, 1, 0, 1, 0]
AUC ROC Score : 0.5404040404040403

Fold : 2
Feature Set : ['212900_at', '209276_s_at', '214037_s_at']
Actual Output : [0, 1, 1, 1, 1, 1, 1, 1, 1, 0, 1, 1, 0, 1, 1, 0, 1, 1, 1, 1, 1, 0, 1, 1, 1, 0, 1, 1, 0]
Desired Output : [0, 0, 0, 1, 0, 0, 0, 1, 0, 1, 1, 0, 1, 0, 0, 0, 1, 0, 1, 0, 0, 0, 1, 0, 1, 1, 0, 1, 0]
AUC ROC Score : 0.4747474747474747

Fold : 3
Feature Set : ['212900_at', '209276_s_at', '222077_s_at', '208629_s_at']
Actual Output : [1, 1, 1, 0, 1, 0, 1, 1, 1, 1, 1, 0, 0, 0, 1, 1, 0, 0, 1, 1, 1, 0, 0, 1, 0, 1, 0, 1, 1]
Desired Output : [0, 0, 0, 0, 0, 0, 1, 0, 0, 1, 1, 0, 0, 0, 0, 1, 1, 0, 1, 1, 1, 0, 0, 1, 0, 1, 0, 1, 0]
AUC ROC Score : 0.7323232323232324

Fold : 4
Feature Set : ['201076_at', '214853_s_at', '209374_s_at', '218787_x_at', '211251_x_at', '218478_s_at', '211039_at']
Actual Output : [0, 0, 1, 0, 0, 1, 1, 1, 1, 0, 1, 0, 1, 1, 1, 1, 1, 0, 0, 1, 0, 1, 1, 1, 1, 0, 1, 1, 0]
Desired Output : [1, 0, 0, 1, 0, 0, 1, 0, 0, 0, 1, 0, 1, 0, 0, 0, 0, 0, 0, 0, 1, 1, 0, 1, 1, 1, 1, 0, 0]
AUC ROC Score : 0.5126262626262625

Fold : 5
Feature Set : ['220743_at', '221671_x_at', '204641_at', '209539_at', '209619_at', '209846_s_at', '218469_at', '214669_x_at']
Actual Output : [1, 1, 1, 0, 0, 0, 1, 0, 1, 0, 1, 1, 1, 1, 0, 1, 0, 0, 0, 1, 1, 0, 0, 0, 0, 0, 0, 0, 1]
Desired Output : [0, 0, 0, 0, 1, 0, 0, 0, 1, 0, 1, 0, 1, 1, 0, 1, 0, 0, 0, 1, 0, 0, 0, 1, 0, 1, 1, 1, 0]
AUC ROC Score : 0.5782828282828283

Fold : 6
Feature Set : ['221351_at', '200809_x_at', '216133_at', '217747_s_at', '212149_at', '209138_x_at', '201760_s_at']
Actual Output : [1, 0, 1, 0, 1, 0, 0, 1, 1, 0, 0, 0, 0, 0, 0, 0, 0, 1, 1, 1, 1, 1, 1, 1, 1, 0, 0, 0, 1]
Desired Output : [0, 1, 0, 0, 0, 0, 0, 1, 1, 0, 1, 0, 0, 1, 1, 0, 0, 0, 1, 0, 0, 0, 1, 1, 0, 1, 0, 1, 0]
AUC ROC Score : 0.4772727272727273

Fold : 7
Feature Set : ['203595_s_at', '201076_at', '201368_at', '214459_x_at', '221567_at']
Actual Output : [1, 1, 1, 0, 0, 0, 1, 1, 1, 0, 0, 1, 1, 1, 0, 1, 1, 1, 0, 0, 0, 1, 0, 0, 0, 0, 0, 0, 1]
Desired Output : [1, 0, 1, 0, 0, 0, 1, 0, 0, 0, 0, 0, 0, 1, 0, 1, 0, 1, 1, 1, 0, 0, 0, 0, 1, 1, 0, 0, 1]
AUC ROC Score : 0.6237373737373737

Fold : 8
Feature Set : ['211004_s_at', '215211_at', '201664_at', '207008_at', '220743_at', '218469_at', '201076_at', '219312_s_at', '205457_at']
Actual Output : [0, 1, 0, 1, 0, 0, 0, 1, 1, 1, 0, 0, 1, 0, 1, 0, 1, 1, 0, 1, 0, 0, 0, 1, 1, 1, 0, 1, 1]
Desired Output : [0, 0, 0, 0, 0, 0, 0, 0, 0, 0, 0, 0, 0, 1, 1, 1, 1, 1, 0, 1, 1, 0, 0, 0, 1, 1, 1, 0, 1]
AUC ROC Score : 0.5959595959595959

Fold : 9
Feature Set : ['211004_s_at', '215778_x_at', '201076_at', '202247_s_at', '209404_s_at', '204670_x_at']
Actual Output : [0, 1, 1, 0, 1, 0, 1, 1, 0, 0, 0, 1, 1, 0, 0, 1, 0, 1, 1, 1, 1, 1, 1, 1, 0, 1, 0, 0, 1]
Desired Output : [0, 1, 0, 1, 0, 0, 0, 0, 0, 0, 0, 0, 1, 0, 0, 0, 0, 0, 1, 1, 0, 1, 1, 1, 1, 1, 1, 0, 0]
AUC ROC Score : 0.6136363636363636

Fold : 10
Feature Set : ['212900_at', '209831_x_at', '209380_s_at', '208071_s_at', '213329_at']
Actual Output : [1, 1, 0, 0, 0, 0, 0, 1, 1, 1, 0, 1, 1, 1, 1, 1, 1, 1, 1, 1, 0, 1, 1, 1, 0]
Desired Output : [0, 1, 0, 0, 0, 0, 0, 0, 0, 0, 0, 0, 0, 0, 1, 0, 1, 1, 0, 1, 1, 1, 1, 0, 0]
AUC ROC Score : 0.6433823529411764

#################################### Epoch : 5 ####################################
Fold : 1
Feature Set : ['201076_at', '214853_s_at', '211451_s_at']
Actual Output : [1, 1, 0, 0, 0, 1, 0, 0, 0, 1, 1, 0, 0, 0, 1, 1, 1, 1, 1, 1, 1, 1, 0, 1, 0, 1, 0, 1, 1]
Desired Output : [0, 0, 0, 0, 1, 0, 1, 0, 0, 0, 0, 0, 0, 1, 0, 1, 0, 1, 1, 1, 0, 1, 1, 0, 0, 1, 0, 1, 0]
AUC ROC Score : 0.5404040404040403

Fold : 2
Feature Set : ['220743_at', '208983_s_at', '209138_x_at', '202731_at', '214677_x_at', '209831_x_at', '215121_x_at']
Actual Output : [0, 1, 1, 1, 1, 0, 0, 0, 0, 0, 1, 1, 1, 0, 0, 1, 0, 1, 1, 1, 1, 0, 1, 0, 1, 1, 1, 1, 0]
Desired Output : [0, 0, 0, 1, 0, 0, 0, 1, 0, 1, 1, 0, 1, 0, 0, 0, 1, 0, 1, 0, 0, 0, 1, 0, 1, 1, 0, 1, 0]
AUC ROC Score : 0.6136363636363636

Fold : 3
Feature Set : ['212900_at', '209276_s_at', '222077_s_at', '208629_s_at']
Actual Output : [1, 1, 1, 0, 1, 0, 1, 1, 1, 1, 1, 0, 0, 0, 1, 1, 0, 0, 1, 1, 1, 0, 0, 1, 0, 1, 0, 1, 1]
Desired Output : [0, 0, 0, 0, 0, 0, 1, 0, 0, 1, 1, 0, 0, 0, 0, 1, 1, 0, 1, 1, 1, 0, 0, 1, 0, 1, 0, 1, 0]
AUC ROC Score : 0.7323232323232324

Fold : 4
Feature Set : ['220743_at', '205049_s_at', '204641_at', '216207_x_at', '218469_at']
Actual Output : [0, 1, 1, 1, 0, 1, 1, 0, 0, 1, 1, 1, 1, 0, 1, 0, 1, 1, 0, 0, 1, 1, 0, 1, 1, 1, 1, 0, 0]
Desired Output : [1, 0, 0, 1, 0, 0, 1, 0, 0, 0, 1, 0, 1, 0, 0, 0, 0, 0, 0, 0, 1, 1, 0, 1, 1, 1, 1, 0, 0]
AUC ROC Score : 0.7323232323232324

Fold : 5
Feature Set : ['220743_at', '221671_x_at', '204641_at', '209539_at', '209619_at', '209846_s_at', '218469_at', '214669_x_at']
Actual Output : [1, 1, 1, 0, 0, 0, 1, 0, 1, 0, 1, 1, 1, 1, 0, 1, 0, 0, 0, 1, 1, 0, 0, 0, 0, 0, 0, 0, 1]
Desired Output : [0, 0, 0, 0, 1, 0, 0, 0, 1, 0, 1, 0, 1, 1, 0, 1, 0, 0, 0, 1, 0, 0, 0, 1, 0, 1, 1, 1, 0]
AUC ROC Score : 0.5782828282828283

Fold : 6
Feature Set : ['221351_at', '200809_x_at', '216133_at', '217747_s_at', '212149_at', '209138_x_at', '201760_s_at']
Actual Output : [1, 0, 1, 0, 1, 0, 0, 1, 1, 0, 0, 0, 0, 0, 0, 0, 0, 1, 1, 1, 1, 1, 1, 1, 1, 0, 0, 0, 1]
Desired Output : [0, 1, 0, 0, 0, 0, 0, 1, 1, 0, 1, 0, 0, 1, 1, 0, 0, 0, 1, 0, 0, 0, 1, 1, 0, 1, 0, 1, 0]
AUC ROC Score : 0.4772727272727273

Fold : 7
Feature Set : ['203595_s_at', '201076_at', '201368_at', '214459_x_at', '221567_at']
Actual Output : [1, 1, 1, 0, 0, 0, 1, 1, 1, 0, 0, 1, 1, 1, 0, 1, 1, 1, 0, 0, 0, 1, 0, 0, 0, 0, 0, 0, 1]
Desired Output : [1, 0, 1, 0, 0, 0, 1, 0, 0, 0, 0, 0, 0, 1, 0, 1, 0, 1, 1, 1, 0, 0, 0, 0, 1, 1, 0, 0, 1]
AUC ROC Score : 0.6237373737373737

Fold : 8
Feature Set : ['201076_at', '204480_s_at', '211451_s_at', '200917_s_at', '206120_at']
Actual Output : [0, 0, 0, 0, 0, 1, 0, 1, 0, 1, 0, 1, 1, 1, 1, 0, 0, 1, 1, 1, 1, 0, 0, 1, 1, 1, 1, 0, 0]
Desired Output : [0, 0, 0, 0, 0, 0, 0, 0, 0, 0, 0, 0, 0, 1, 1, 1, 1, 1, 0, 1, 1, 0, 0, 0, 1, 1, 1, 0, 1]
AUC ROC Score : 0.6691919191919192

Fold : 9
Feature Set : ['201076_at', '203524_s_at', '204480_s_at', '200917_s_at', '32088_at', '210629_x_at']
Actual Output : [0, 1, 0, 0, 1, 1, 0, 0, 0, 0, 1, 1, 0, 1, 0, 0, 0, 0, 1, 1, 1, 1, 1, 1, 1, 1, 0, 0, 1]
Desired Output : [0, 1, 0, 1, 0, 0, 0, 0, 0, 0, 0, 0, 1, 0, 0, 0, 0, 0, 1, 1, 0, 1, 1, 1, 1, 1, 1, 0, 0]
AUC ROC Score : 0.6691919191919192

Fold : 10
Feature Set : ['212592_at', '203524_s_at', '220743_at', '209380_s_at']
Actual Output : [0, 1, 0, 1, 0, 1, 0, 0, 1, 1, 1, 1, 1, 1, 1, 1, 1, 1, 1, 1, 1, 1, 1, 1, 1]
Desired Output : [0, 1, 0, 0, 0, 0, 0, 0, 0, 0, 0, 0, 0, 0, 1, 0, 1, 1, 0, 1, 1, 1, 1, 0, 0]
AUC ROC Score : 0.6470588235294117

