######################################### epoch : 1#########################################

#### Fold 1 ####
feature_set_name : ['KEGG_GLYCOLYSIS_GLUCONEOGENESIS', 'PID_AURORA_B_PATHWAY', 'REACTOME_SIGNALING_BY_NOTCH4', 'PID_CMYB_PATHWAY', 'KEGG_VEGF_SIGNALING_PATHWAY']
auc_score_feature_selection : 0.806146572104019
Feature set : ['KEGG_GLYCOLYSIS_GLUCONEOGENESIS', 'PID_AURORA_B_PATHWAY', 'REACTOME_SIGNALING_BY_NOTCH4', 'PID_CMYB_PATHWAY', 'KEGG_VEGF_SIGNALING_PATHWAY']
Size of feature set : 5
size of list_actual_outputs : 58
[0.241950948210749, 0.5202472408370266, 0.5008411084620527, 0.29377343215224866, 0.466146198526287, 0.48234330215838817, 0.1280847293211942, 0.4314099941588886, 0.5521504367270904, 0.3739501786039293, 0.4578946153775414, 0.5009347335099512, 0.32961150621803675, 0.2589999135390199, 0.34966705427934797, 0.40961724422094725, 0.5393480431462492, 0.4041573771485034, 0.39786988162701986, 0.8692924521141302, 0.36908798692188843, 0.5221478289840331, 0.5815729567896434, 0.5325083011835557, 0.572574106448796, 0.3978216910021098, 0.23226621238274925, 0.3331354116173441, 0.38403107005056, 0.37822884622716396, 0.31567489116991804, 0.3419753694538842, 0.39476292411868524, 0.3245489227970972, 0.5088340715354653, 0.3035713965210466, 0.442854725436637, 0.22495601651936029, 0.1901981918867555, 0.4681315041070774, 0.471681878817046, 0.5563790761646734, 0.3242574876054409, 0.3146954254027033, 0.43288337681044936, 0.3368302811566688, 0.3529657522377143, 0.31989813266414274, 0.29213239290360876, 0.3587902880148414, 0.669296800120056, 0.2715927664817456, 0.25999481969709654, 0.40214641697880105, 0.41446387101043775, 0.4032251515215088, 0.3599061951069994, 0.24977414079249083]

size of list_desired_outputs : 58
[1, 1, 1, 1, 1, 1, 1, 1, 1, 1, 1, 1, 1, 1, 1, 1, 1, 1, 1, 1, 1, 1, 0, 0, 0, 0, 0, 0, 0, 0, 0, 0, 0, 0, 0, 0, 0, 0, 0, 0, 0, 0, 0, 0, 0, 0, 0, 0, 0, 0, 0, 0, 0, 0, 0, 0, 0, 0]
AUC score from feature selection : 0.806146572104019
AUC score from testing : 0.6161616161616161

fold elapse time : 431.23 minutes 


#### Fold 2 ####
feature_set_name : ['KEGG_GLYCOLYSIS_GLUCONEOGENESIS', 'PID_IL4_2PATHWAY', 'REACTOME_SEMA4D_IN_SEMAPHORIN_SIGNALING']
auc_score_feature_selection : 0.7832939322301025
Feature set : ['KEGG_GLYCOLYSIS_GLUCONEOGENESIS', 'PID_IL4_2PATHWAY', 'REACTOME_SEMA4D_IN_SEMAPHORIN_SIGNALING']
Size of feature set : 3
size of list_actual_outputs : 58
[0.4197426654679334, 0.4340567047138019, 0.39859242550545404, 0.42807826071883265, 0.41231814296211033, 0.41752787452600976, 0.41152523121417794, 0.4273196009407961, 0.4418062042897679, 0.4517426547317164, 0.42799332472475277, 0.42049501807846223, 0.43915893411086304, 0.4121573914117512, 0.4299315960132161, 0.42416554403023776, 0.40834591589351305, 0.4415950682714821, 0.42261222205437016, 0.42352086189953336, 0.47355094643334944, 0.42359935138870075, 0.42527192697745214, 0.4394160045571463, 0.43608873602752907, 0.4244173832654217, 0.43003104557769967, 0.40451052593025383, 0.43718349067998047, 0.43835394311280834, 0.41474097462349296, 0.424874659194854, 0.4241003840025489, 0.43336552742160045, 0.5019852881259664, 0.39701822985115265, 0.4427986998009204, 0.41830767360108667, 0.422521651589874, 0.4321613456816127, 0.4359672725372818, 0.4807693847895186, 0.4154913439617861, 0.4241880561236305, 0.4269061275886962, 0.42549945663345695, 0.4210768327737402, 0.41711842077414, 0.4132713910806598, 0.4207424920432836, 0.4304955080655409, 0.4268083078500423, 0.41676227683737804, 0.4443546509380264, 0.41732164390404575, 0.4203953774883957, 0.43400594261818354, 0.40659321072409177]

size of list_desired_outputs : 58
[1, 1, 1, 1, 1, 1, 1, 1, 1, 1, 1, 1, 1, 1, 1, 1, 1, 1, 1, 1, 1, 1, 0, 0, 0, 0, 0, 0, 0, 0, 0, 0, 0, 0, 0, 0, 0, 0, 0, 0, 0, 0, 0, 0, 0, 0, 0, 0, 0, 0, 0, 0, 0, 0, 0, 0, 0, 0]
AUC score from feature selection : 0.7832939322301025
AUC score from testing : 0.47727272727272724

fold elapse time : 343.81 minutes 


#### Fold 3 ####
feature_set_name : ['KEGG_GLYCOLYSIS_GLUCONEOGENESIS', 'REACTOME_HYALURONAN_METABOLISM', 'BIOCARTA_PITX2_PATHWAY', 'BIOCARTA_P35ALZHEIMERS_PATHWAY', 'PID_WNT_NONCANONICAL_PATHWAY']
auc_score_feature_selection : 0.8433908045977011
Feature set : ['KEGG_GLYCOLYSIS_GLUCONEOGENESIS', 'REACTOME_HYALURONAN_METABOLISM', 'BIOCARTA_PITX2_PATHWAY', 'BIOCARTA_P35ALZHEIMERS_PATHWAY', 'PID_WNT_NONCANONICAL_PATHWAY']
Size of feature set : 5
size of list_actual_outputs : 58
[0.6536072080462165, 0.3921641610374351, 0.4794836356600604, 0.5069269182673493, 0.380184131676621, 0.30550200322170784, 0.26088594729814846, 0.5751974486363564, 0.5084313758118479, 0.3945683243704959, 0.30340437181917385, 0.5167694155853637, 0.2944984100674522, 0.4654259039180405, 0.511494467553388, 0.3830102694586279, 0.41773932843286754, 0.3204413709337206, 0.37552080301211493, 0.34567660838667374, 0.46442240302610094, 0.3258612256759015, 0.7635292175558173, 0.35865072266561115, 0.25223705510621397, 0.572017851350425, 0.2983755112764097, 0.5932655033806199, 0.3564131297005189, 0.4370574849068142, 0.41548968898969174, 0.43430437749395356, 0.36415555494318774, 0.3955977057155467, 0.23068318699534238, 0.291996653973277, 0.21497495197310956, 0.3949533198328238, 0.2579742800175016, 0.33643799306451877, 0.22903986323556333, 0.7279191151063604, 0.29648587326751125, 0.3364965789466492, 0.26353042275956917, 0.5081878640290173, 0.3426505847900489, 0.3037576315567485, 0.6925104041482694, 0.3322547055264492, 0.5159062993772378, 0.31635089035116304, 0.27574685422926243, 0.3058583676106017, 0.34389943450578103, 0.38758105139719096, 0.7188938989735958, 0.3492135579001202]

size of list_desired_outputs : 58
[1, 1, 1, 1, 1, 1, 1, 1, 1, 1, 1, 1, 1, 1, 1, 1, 1, 1, 1, 1, 1, 1, 0, 0, 0, 0, 0, 0, 0, 0, 0, 0, 0, 0, 0, 0, 0, 0, 0, 0, 0, 0, 0, 0, 0, 0, 0, 0, 0, 0, 0, 0, 0, 0, 0, 0, 0, 0]
AUC score from feature selection : 0.8433908045977011
AUC score from testing : 0.6047979797979798

fold elapse time : 365.65 minutes 


#### Fold 4 ####
feature_set_name : ['KEGG_GLYCOLYSIS_GLUCONEOGENESIS', 'REACTOME_MITOTIC_G1_G1_S_PHASES', 'REACTOME_SIGNALING_BY_ROBO_RECEPTOR', 'BIOCARTA_ACH_PATHWAY', 'BIOCARTA_HIF_PATHWAY', 'REACTOME_ACTIVATION_OF_NMDA_RECEPTOR_UPON_GLUTAMATE_BINDING_AND_POSTSYNAPTIC_EVENTS', 'REACTOME_ETHANOL_OXIDATION', 'REACTOME_FORMATION_OF_RNA_POL_II_ELONGATION_COMPLEX_', 'BIOCARTA_CTL_PATHWAY']
auc_score_feature_selection : 0.853448275862069
Feature set : ['KEGG_GLYCOLYSIS_GLUCONEOGENESIS', 'REACTOME_MITOTIC_G1_G1_S_PHASES', 'REACTOME_SIGNALING_BY_ROBO_RECEPTOR', 'BIOCARTA_ACH_PATHWAY', 'BIOCARTA_HIF_PATHWAY', 'REACTOME_ACTIVATION_OF_NMDA_RECEPTOR_UPON_GLUTAMATE_BINDING_AND_POSTSYNAPTIC_EVENTS', 'REACTOME_ETHANOL_OXIDATION', 'REACTOME_FORMATION_OF_RNA_POL_II_ELONGATION_COMPLEX_', 'BIOCARTA_CTL_PATHWAY']
Size of feature set : 9
size of list_actual_outputs : 58
[0.38113209467555825, 0.23244159276361606, 0.3920956082946522, 0.48227160475175085, 0.30677071200665745, 0.3762009506992063, 0.5774495411452175, 0.5025592386463432, 0.31435780201242003, 0.4477349859092116, 0.41322640516344994, 0.619474526871463, 0.5224619600464581, 0.4297722992267708, 0.5843487590419405, 0.4525711537928221, 0.36449878037295225, 0.3757336878905044, 0.42513248253045066, 0.4802983664131836, 0.4533103655785996, 0.4055558166695298, 0.45318630964416406, 0.4422406685564711, 0.34609844948298185, 0.29254814406733026, 0.42605360315232926, 0.5970577671420506, 0.5583486351431812, 0.40919827960334454, 0.3333555405379046, 0.3608694377359237, 0.41868092732150525, 0.38398412757209816, 0.4196300032753548, 0.4109859481566722, 0.4137770129330494, 0.34643949852458217, 0.28513210416268703, 0.44151840236051754, 0.43899994601926184, 0.27435514748427486, 0.4246518981152762, 0.4471643739719864, 0.4775369297297307, 0.4835701737368444, 0.44735933128587646, 0.42730849625217615, 0.756579725233221, 0.3274347472867335, 0.23983327942566, 0.4181020833371755, 0.4806248358404063, 0.5030608907713279, 0.4652594561424186, 0.4052946748754874, 0.3545698672412079, 0.45307766563830604]

size of list_desired_outputs : 58
[1, 1, 1, 1, 1, 1, 1, 1, 1, 1, 1, 1, 1, 1, 1, 1, 1, 1, 1, 1, 1, 1, 0, 0, 0, 0, 0, 0, 0, 0, 0, 0, 0, 0, 0, 0, 0, 0, 0, 0, 0, 0, 0, 0, 0, 0, 0, 0, 0, 0, 0, 0, 0, 0, 0, 0, 0, 0]
