 The first dataset : GSE3494_GPL96.csv
 The second dataset : GSE2034-22071 (edited).csv
Number of epochs : 5
Number of folds : 5
Number of top-ranked features : 10

#################################### Epoch : 1 ####################################

#### Fold 1 ####
Fold : 1
Feature Set : ['212949_at', '204822_at']
Actual Output : [0.30270730319308714, 0.31373721159468887, 0.6703911420027929, 0.5613547769801982, 0.4867650767624468, 0.35210610913562346, 0.35576776537898414, 0.41911345941654704, 0.5673614795543541, 0.40183683301610174, 0.7389832973646284, 0.6163529359663955, 0.6580275566981801, 0.6166533939590272, 0.29743830653689735, 0.6932077783084382, 0.5788332980991477, 0.31661979959511366, 0.4630081024067722, 0.672469349133605, 0.28411974543782487, 0.7219387610209045, 0.429275444769702, 0.4907039133033844, 0.6206317492809029, 0.6164531211193205, 0.5126726317627136, 0.7202111378467256, 0.5028372550597467, 0.6138377001551999, 0.6629518720513092, 0.28150577395900167, 0.4289351224001198, 0.32101945842790464, 0.8287682706153383, 0.49959337857754316, 0.3386253756983774, 0.5903525432425857, 0.8113111910569332, 0.8651629797514566, 0.29164309710082076, 0.37168058886555533, 0.29697731399649935, 0.2978988457217322, 0.7024940988744895, 0.31904484538577393, 0.4540048321645092, 0.3840016042922524, 0.7353524685860188, 0.5287076596601764, 0.33481907484975376, 0.3277561489888876, 0.28601182235234085, 0.29327297222436083, 0.6530175799310969, 0.5855288193115106, 0.6471065674313965, 0.42671599164053853]
Desired Output : [0, 0, 0, 0, 0, 1, 1, 1, 0, 0, 0, 0, 0, 1, 0, 0, 1, 0, 0, 1, 0, 0, 0, 0, 0, 1, 0, 0, 0, 0, 1, 0, 1, 0, 1, 0, 1, 0, 0, 1, 0, 1, 1, 0, 0, 1, 1, 0, 0, 1, 1, 0, 1, 1, 1, 1, 0, 0]
AUC ROC Score from testing : 0.47348484848484856

Fold elapse time : 0.02 minutes 


#### Fold 2 ####
Fold : 2
Feature Set : ['212949_at', '204822_at']
Actual Output : [0.30397337981900435, 0.46980501522210905, 0.413003914760751, 0.5488897612536661, 0.552355614575344, 0.3350695537187096, 0.38006010532496604, 0.3084997163353688, 0.7109407372789963, 0.6988186820141038, 0.6613493474777635, 0.33687442616493196, 0.3573524368750292, 0.49805506420996165, 0.3541075926087583, 0.34381762605025507, 0.31614692571780795, 0.3896212511208458, 0.6620657978237219, 0.3153041419172648, 0.6015349092877171, 0.46643485082343933, 0.4738329431491196, 0.3178273714308091, 0.456119635342163, 0.47617189917073105, 0.45786054003503684, 0.5726353126004868, 0.5417235930437507, 0.29830107473242945, 0.5195138853483401, 0.39396730222034426, 0.6210929782466942, 0.30914236488078106, 0.5846328933523496, 0.48973905381832056, 0.29410734129850885, 0.4021731873156413, 0.675692367598007, 0.3110644042623066, 0.46246026452629396, 0.5979796756800635, 0.3022361602057847, 0.6116674138812485, 0.4314123987539687, 0.5091511799824713, 0.6711904038345631, 0.5362065950774687, 0.35849133364590846, 0.30914236488078106, 0.338272668766968, 0.6081554055371058, 0.44995644880833857, 0.3285864698569331, 0.8243137117794833, 0.4832263228887001, 0.3015828526418787, 0.48174646629499684]
Desired Output : [0, 0, 0, 0, 0, 1, 0, 0, 0, 0, 1, 0, 0, 0, 0, 0, 0, 0, 1, 0, 1, 1, 0, 0, 0, 0, 1, 0, 1, 0, 1, 0, 1, 0, 1, 1, 0, 0, 1, 0, 1, 0, 0, 0, 0, 1, 1, 0, 1, 1, 0, 0, 1, 1, 0, 1, 1, 1]
AUC ROC Score from testing : 0.6433080808080808

Fold elapse time : 0.02 minutes 


#### Fold 3 ####
Fold : 3
Feature Set : ['212949_at', '204822_at']
Actual Output : [0.42378360203158477, 0.5242716284665861, 0.4132571339590291, 0.5586497330616312, 0.2960017367242265, 0.34617926888782685, 0.451437495446928, 0.582920621757591, 0.3485852197458726, 0.7539811092108416, 0.3030381202431394, 0.28007397650032106, 0.4017873750878181, 0.5838710752450085, 0.4877926431179626, 0.2896987526876716, 0.639458880006203, 0.588484914427751, 0.4009781125690953, 0.3271959760731608, 0.3515274028893654, 0.2960017367242265, 0.6498665647054493, 0.413570915714328, 0.3238825471588725, 0.36202052139225344, 0.29621029999380083, 0.4702145708004239, 0.6349743587805278, 0.5766680580870659, 0.34076165902025385, 0.35171059829951085, 0.6373438639607035, 0.3149861692977088, 0.5739341255331364, 0.6152467872300673, 0.5106778968653174, 0.4013020193985344, 0.39361832012057124, 0.3621991075390934, 0.5286055174045826, 0.2980829514776413, 0.35463074865247, 0.305698997841306, 0.34599361903153136, 0.31797209536007753, 0.36646191025528796, 0.563457490287611, 0.36804903004086587, 0.3578914109786568, 0.7206307668900623, 0.29349127986429996, 0.33527321062821674, 0.3331725655166762, 0.3191607034902107, 0.3103673709640176, 0.5517704915173444, 0.2920202528723902]
Desired Output : [0, 0, 1, 0, 0, 0, 1, 0, 0, 0, 0, 0, 0, 0, 0, 0, 1, 1, 1, 0, 0, 0, 0, 1, 0, 1, 0, 0, 1, 0, 0, 0, 1, 1, 0, 0, 1, 1, 0, 1, 0, 1, 1, 1, 1, 0, 0, 1, 0, 1, 1, 1, 0, 0, 0, 1, 0, 0]
AUC ROC Score from testing : 0.5669191919191919

Fold elapse time : 0.02 minutes 


#### Fold 4 ####
Fold : 4
Feature Set : ['212949_at', '204822_at']
Actual Output : [0.3712644927821891, 0.32363680657490645, 0.5434073971431268, 0.534433625175107, 0.35344215828624553, 0.35497335743457137, 0.5013041463703589, 0.34275860996696855, 0.3719979850031229, 0.32115883153535757, 0.5283083883718913, 0.3599106360021998, 0.7575483629366915, 0.31636889685802416, 0.5231542832788099, 0.35820830935904546, 0.6893442447340351, 0.5780433118637631, 0.5230334446552409, 0.3313898477125252, 0.5751916008199949, 0.6246808472006021, 0.50604490248239, 0.8081903681351965, 0.7254105064902449, 0.6917499538263541, 0.2918127569058837, 0.6877947184227176, 0.31279387909238654, 0.5157003864124401, 0.5866353940373761, 0.48814919887890457, 0.5577104418775887, 0.702669398113283, 0.3497825774691006, 0.4579077355943888, 0.5875203219888624, 0.48151429431010406, 0.3542084708357563, 0.36478891101089383, 0.5512497978327311, 0.5910336322090962, 0.7394677596660271, 0.616814380448651, 0.36141787879042575, 0.7136537786135512, 0.40888176884715977, 0.6354123242262237, 0.8494557578909605, 0.561480299111327, 0.5631884014514369, 0.38159207981683657, 0.3155303819108284, 0.45965737647362837, 0.6597821987598143, 0.5884025979134017, 0.3258957015682369, 0.5988817546453149]
Desired Output : [0, 0, 0, 0, 0, 0, 0, 0, 0, 0, 0, 0, 0, 1, 0, 0, 0, 1, 0, 0, 1, 0, 1, 1, 0, 0, 1, 0, 0, 1, 0, 1, 1, 1, 1, 0, 1, 1, 0, 0, 0, 1, 0, 1, 0, 1, 0, 1, 0, 1, 1, 0, 1, 1, 0, 1, 0, 0]
AUC ROC Score from testing : 0.577020202020202

Fold elapse time : 0.02 minutes 


#### Fold 5 ####
Fold : 5
Feature Set : ['212949_at', '204822_at']
Actual Output : [0.5525961484670058, 0.7006829136134686, 0.4867004409441883, 0.6318614281137584, 0.4535999037691031, 0.45556419920448865, 0.7033645505228424, 0.5549789161354364, 0.5662390345865562, 0.41116985350031654, 0.692486822282296, 0.5997089583832506, 0.430651386356658, 0.4110214954863411, 0.4221248770724619, 0.4627978515020688, 0.5307441102655468, 0.5282597823677518, 0.4142712902163942, 0.6164392340487248, 0.40231068655850594, 0.6395758051391727, 0.5103857524639579, 0.5729106523959786, 0.4212607775608807, 0.4257027274796253, 0.433308790518278, 0.48443538050686114, 0.5554531118363313, 0.5522130719672891, 0.42413293886075026, 0.5956417259511682, 0.5223821338529909, 0.662606675944271, 0.4245617565653495, 0.44763776342301204, 0.574598237398392, 0.49141741800733796, 0.7829731575710486, 0.591011719134092, 0.5732667851081922, 0.4324717945490741, 0.5280518249772655, 0.6908874182143873, 0.44292737854843406, 0.6061680870436048, 0.6471218503729221, 0.5960512544178461, 0.5433586641071676, 0.4939823897459375, 0.4130929512615601, 0.4397964137471865, 0.5866400061249526, 0.5766274745081597]
Desired Output : [1, 0, 1, 1, 0, 0, 1, 1, 0, 0, 0, 0, 0, 0, 1, 0, 0, 0, 0, 0, 0, 0, 0, 0, 0, 0, 1, 0, 1, 0, 0, 0, 1, 1, 0, 0, 1, 0, 1, 1, 0, 1, 0, 0, 1, 1, 1, 0, 1, 0, 1, 0, 0, 0]
AUC ROC Score from testing : 0.606015037593985

Fold elapse time : 0.03 minutes 


#### Summary ####
Average AUC score : 0.573349
Maximum AUC score : 0.6433080808080808
Size of feature set which gives the highest AUC score from testing : 2
Feature set which gives the highest AUC score from testing : 
['212949_at', '204822_at']
Time Elapse : 0.8 minutes (0.01 hours)

#################################### Epoch : 2 ####################################

#### Fold 1 ####
Fold : 1
Feature Set : ['212949_at']
Actual Output : [0.3615072524041476, 0.5956068183317594, 0.3208251195001869, 0.4898592328084938, 0.4088262202680641, 0.5618297873566346, 0.3003624399033239, 0.5460727071388634, 0.3586022206323936, 0.3332248537277648, 0.4156502117100808, 0.37676866089442956, 0.7058077046158789, 0.37168783328111976, 0.46389631968497697, 0.30391105462302465, 0.5629462009234766, 0.6560334122104232, 0.5759292561782636, 0.6640690878336969, 0.4611337966990033, 0.3234140886375642, 0.6784759862770997, 0.3137746822545623, 0.356042963397101, 0.3003624399033239, 0.6451833272493167, 0.49240031657361816, 0.41800166880571493, 0.5355065553208209, 0.29783980955395306, 0.30391105462302465, 0.5742763052334844, 0.636910472174265, 0.5980413138418015, 0.3184210702840954, 0.3194244257056525, 0.3431874245806304, 0.39827063576040345, 0.7258556245439476, 0.3066050375322785, 0.6041687318521, 0.32559233754808625, 0.35914851936232717, 0.3101025149890347, 0.3840123297922508, 0.3363159892453803, 0.5496924264982611, 0.3709818639551432, 0.48068046284290383, 0.33341872772130865, 0.4143900121847462, 0.6274827297139162, 0.3269726128341564, 0.5661704550516903, 0.3397660652864278, 0.3397660652864278, 0.4761956238603351]
Desired Output : [0, 1, 0, 0, 0, 0, 0, 0, 1, 1, 1, 0, 0, 0, 0, 0, 1, 1, 0, 0, 1, 0, 0, 0, 0, 0, 1, 0, 1, 1, 0, 0, 0, 1, 0, 0, 1, 1, 0, 0, 0, 1, 1, 1, 1, 0, 0, 0, 0, 1, 0, 0, 1, 1, 1, 0, 0, 1]
AUC ROC Score from testing : 0.6060606060606061

Fold elapse time : 0.02 minutes 


#### Fold 2 ####
Fold : 2
Feature Set : ['212949_at']
Actual Output : [0.44013673263736397, 0.4776651042834568, 0.36780069068323407, 0.37066360877234444, 0.7003510149892126, 0.5576741647379322, 0.5253112001732052, 0.3712336849161612, 0.359084611163717, 0.3639506589643111, 0.31831285000243253, 0.6870796832420757, 0.5696386307820211, 0.60129824912944, 0.32133300484058214, 0.5062804359319042, 0.31330318816979424, 0.6097602210736717, 0.3600626239527921, 0.6477343792991194, 0.6022410372868393, 0.6276448461909617, 0.29149564719438725, 0.8072294243678948, 0.6569836523071731, 0.3230490001697433, 0.48411772614387855, 0.33797327570111285, 0.5816376623188795, 0.4122525256137774, 0.7055613930625357, 0.5183858017740273, 0.49044798090332964, 0.536483661900602, 0.3481647876939621, 0.5022294965487126, 0.49786095492781013, 0.33673289550687113, 0.6332352300417771, 0.6853233160303696, 0.83338134155146, 0.3637571644474688, 0.6209684276042314, 0.4387133339357273, 0.715392164881464, 0.3292104731473169, 0.3141787554575565, 0.6382970808351123, 0.5819414233086186, 0.5662391456637965, 0.3820938664400695, 0.38116956223609577, 0.6174325755455041, 0.4575364952759453, 0.3080110987086062, 0.8339489546142003, 0.32111800559588277, 0.5391855449985062]
Desired Output : [0, 0, 0, 0, 1, 0, 0, 0, 0, 1, 0, 0, 0, 0, 1, 0, 0, 0, 0, 0, 0, 0, 0, 1, 1, 0, 0, 1, 0, 0, 0, 1, 1, 1, 1, 0, 1, 1, 0, 1, 1, 0, 0, 0, 1, 0, 1, 1, 1, 1, 0, 0, 0, 1, 1, 0, 1, 0]
AUC ROC Score from testing : 0.5176767676767677

Fold elapse time : 0.02 minutes 


#### Fold 3 ####
Fold : 3
Feature Set : ['212949_at']
Actual Output : [0.5086305180313908, 0.29726242966543426, 0.3060971497870077, 0.3439884298339577, 0.2928964528345799, 0.35124195265731906, 0.764637908272276, 0.3022995546381943, 0.7150511205133188, 0.5284467200958017, 0.34933479202330975, 0.6979966757790379, 0.5856073003597003, 0.29265257238981307, 0.6771986268414133, 0.35628304364266666, 0.7737113616910238, 0.2752249742911288, 0.34139642331994297, 0.41408532802343107, 0.6152747415166154, 0.3915615752657689, 0.5103868971844339, 0.626540925411144, 0.48223678987899676, 0.5796941436991276, 0.46796512654581074, 0.41318888394787934, 0.46519098748290494, 0.6964633652154467, 0.3261587181238078, 0.2941137532757873, 0.48864355257861986, 0.3030142349119247, 0.5999577170163537, 0.5645698789714088, 0.8070685410210783, 0.4589435249071507, 0.2862620428087347, 0.5953583070021848, 0.30515098111589084, 0.3448486988584207, 0.41354772699118897, 0.6123569188674794, 0.37681028687421614, 0.5196789298248486, 0.3442036714665077, 0.6363008736958317, 0.4591011201680321, 0.3575332691750728, 0.8518881384899949, 0.5684824448398366, 0.3649516919741362, 0.46082986934619186, 0.7420805343115495, 0.574415757768297, 0.31289328625187685, 0.2892234486672973]
Desired Output : [1, 0, 0, 0, 0, 0, 0, 0, 0, 0, 0, 0, 1, 0, 1, 0, 0, 0, 0, 0, 1, 0, 1, 0, 0, 1, 0, 1, 1, 0, 0, 0, 0, 0, 0, 1, 1, 0, 0, 1, 0, 0, 1, 0, 1, 1, 1, 1, 1, 1, 0, 1, 1, 1, 1, 0, 0, 0]
AUC ROC Score from testing : 0.6856060606060606

Fold elapse time : 0.02 minutes 


#### Fold 4 ####
Fold : 4
Feature Set : ['212949_at']
Actual Output : [0.31095243675280126, 0.40174237990296674, 0.5227080492626407, 0.4151768789542712, 0.6482442965281031, 0.3298846144373371, 0.4539424900870135, 0.5164590046001551, 0.39727387774655837, 0.32339906046177735, 0.5110821120635268, 0.33144263113723016, 0.4589511600376456, 0.4909386212502087, 0.3025281918304817, 0.5979256386212981, 0.5938348028553124, 0.5195976349942112, 0.3164153603745436, 0.6568708000713651, 0.49598595691045977, 0.29055113643700703, 0.3632958767235998, 0.42243228102567576, 0.31419774470369394, 0.5132917723871533, 0.3873356646982554, 0.45090516064997765, 0.6389340552218088, 0.49956630061106705, 0.6959887786350788, 0.490416917003958, 0.5945044656277675, 0.42211957876084133, 0.3237948392086458, 0.3472879900510151, 0.40827296395451257, 0.6439913843965464, 0.5439456859827864, 0.5200779872571698, 0.5142693751804223, 0.45866673500042093, 0.6758872962671891, 0.39527200908399635, 0.29877975507313725, 0.34841135371720766, 0.5642286431944404, 0.3471004784332584, 0.3957733984415269, 0.7105748621610775, 0.514513348323577, 0.2941561387536937, 0.626059581613464, 0.4764467818712298, 0.5780211297497142, 0.2973136677706102, 0.5380776573312467, 0.5888142925447184]
Desired Output : [0, 1, 0, 1, 0, 0, 1, 0, 0, 0, 0, 0, 0, 0, 0, 1, 1, 0, 0, 0, 1, 0, 1, 0, 0, 1, 0, 1, 1, 0, 0, 0, 0, 1, 0, 0, 0, 1, 1, 0, 1, 0, 0, 0, 1, 0, 1, 1, 0, 0, 1, 1, 0, 1, 1, 1, 0, 0]
AUC ROC Score from testing : 0.5277777777777778

Fold elapse time : 0.02 minutes 


#### Fold 5 ####
Fold : 5
Feature Set : ['212949_at']
Actual Output : [0.7239004157455907, 0.5902398141527707, 0.5870977182789211, 0.43257982410457807, 0.5595491518970563, 0.6013623910558336, 0.5429473546018188, 0.6061239308489361, 0.4013768401550573, 0.7457088160498043, 0.4388948518253515, 0.40755524610875943, 0.4134749640377656, 0.40689195529775674, 0.3904576584000504, 0.7515058504709689, 0.3817155598467343, 0.5087610845116192, 0.4212307468803617, 0.5209935632658599, 0.5459994544603886, 0.6056604963184371, 0.6636155911088814, 0.6453660354154812, 0.4324244799875687, 0.7308464145041967, 0.6830811134327133, 0.38872431671684554, 0.44148267977139233, 0.6312158197999023, 0.8156583903801335, 0.6300249541711839, 0.624429313633611, 0.8071000220592213, 0.5262912258824084, 0.5374498586133294, 0.3961251450188249, 0.3966364114567997, 0.45017986635641055, 0.40002819009625423, 0.5970010715401051, 0.6315551446713902, 0.5908253411932898, 0.7155801363422627, 0.7089866349458649, 0.5889672670261762, 0.40070308800459725, 0.427891779491019, 0.3920113017157069, 0.6922881558035794, 0.42615834126489477, 0.41461569224143413, 0.3971470234492709, 0.4968581404795419]
Desired Output : [0, 0, 0, 0, 1, 0, 0, 0, 1, 0, 0, 0, 0, 0, 0, 0, 1, 0, 0, 0, 0, 0, 1, 1, 0, 1, 1, 0, 0, 1, 1, 0, 0, 0, 1, 1, 0, 0, 1, 1, 0, 1, 0, 0, 1, 0, 1, 1, 1, 0, 0, 0, 1, 0]
AUC ROC Score from testing : 0.5067669172932331

Fold elapse time : 0.02 minutes 


#### Summary ####
Average AUC score : 0.568778
Maximum AUC score : 0.6856060606060606
Size of feature set which gives the highest AUC score from testing : 1
Feature set which gives the highest AUC score from testing : 
['212949_at']
Time Elapse : 0.79 minutes (0.01 hours)

#################################### Epoch : 3 ####################################

#### Fold 1 ####
Fold : 1
Feature Set : ['212949_at', '202870_s_at', '218663_at', '218726_at', '218308_at']
Actual Output : [0.5040112456700079, 0.549535265205798, 0.39383858536541355, 0.6329832446048811, 0.6136735465683474, 0.53926194263349, 0.550549719931604, 0.5311654334092228, 0.3405826164598533, 0.7034248753266946, 0.4180443630091665, 0.5112638598629495, 0.40502593489164496, 0.84108240975726, 0.8164846111905785, 0.7904493178243772, 0.0960516453369941, 0.4292232469597803, 0.525424769975375, 0.18327299655222284, 0.1281491354893149, 0.5902291396067507, 0.6154897259958731, 0.6762484589049182, 0.6305362684019544, 0.5767076114898397, 0.6168796193055067, 0.545745419742344, 0.6925174779173489, 0.5075183521933243, 0.5086116532066339, 0.19307316845571, 0.3866892203661846, 0.34353099641682416, 0.7118417634909012, 0.8157489496584903, 0.5787437717865443, 0.5527181139809808, 0.625427607271614, 0.47907605722401214, 0.8200712574030316, 0.7510244609248684, 0.5333014471479187, 0.8716909784164024, 0.6086455612291949, 0.20362963420856503, 0.24122405320319282, 0.6485718393235992, 0.7261729893273308, 0.6944338208349274, 0.9157121522464206, 0.6861911783981701, 0.6626797792324922, 0.4922762505829859, 0.6076394413682391, 0.2625417157815996, 0.5681656858419787, 0.47357273897928204]
Desired Output : [0, 0, 0, 1, 0, 0, 0, 0, 1, 0, 0, 0, 0, 0, 0, 0, 0, 0, 0, 0, 0, 0, 1, 0, 1, 0, 0, 1, 1, 1, 0, 0, 0, 1, 0, 1, 1, 0, 0, 0, 0, 1, 1, 1, 0, 0, 1, 0, 1, 1, 0, 1, 1, 0, 1, 1, 1, 1]
AUC ROC Score from testing : 0.5896464646464645

Fold elapse time : 0.02 minutes 


#### Fold 2 ####
Fold : 2
Feature Set : ['212949_at', '202870_s_at', '218663_at', '218726_at', '218308_at']
Actual Output : [0.40603546542267843, 0.41219860767866917, 0.6252405760848507, 0.7710604187987772, 0.7259014307555718, 0.3283714723866122, 0.45847502662341333, 0.37439940824805307, -0.11384945612027494, 0.40418695279277095, 0.6133110619271891, 0.18698427794107, 0.4209871791685378, 0.48920519879887947, 0.595512367232754, 0.627215874964617, 0.6550129651427703, 0.5765219617261775, 0.328797156688272, -0.04804368267572543, 0.1676843416960267, 0.23931347347737433, 0.6853281919683034, 0.565945413489741, 0.05988723885320648, 0.2835248938440308, 0.7047429088684714, 0.67478373888514, 0.6094803720510032, 0.656993250246203, 0.6366540211369104, 0.7564876968745317, 0.5091325727306383, 0.5300971738186012, 0.8572236594234978, 0.48178092480244145, 0.7308577055831448, 0.6521224608073176, 0.5534655148391286, 0.5857132415138964, 0.7439644098393476, 0.3139302081193077, 0.5251608148419186, 0.6270106675156905, 0.6173801483758787, 0.6844235411130347, 0.6327001136773911, 0.6882492905227424, 0.7468085697408018, 0.6318305110760416, 0.3479449653952764, 0.6002500199839317, 0.6267532899245024, 0.5475854251934543, 0.8062681992091351, 0.54322575461208, 0.530255467659568, 0.016520059795278073]
Desired Output : [0, 0, 0, 0, 0, 0, 0, 0, 0, 0, 1, 1, 0, 0, 0, 0, 1, 0, 0, 0, 1, 0, 1, 0, 0, 0, 0, 1, 1, 1, 0, 1, 1, 0, 0, 1, 0, 1, 1, 0, 0, 0, 1, 0, 0, 1, 1, 1, 0, 1, 1, 1, 1, 0, 0, 0, 1, 0]
AUC ROC Score from testing : 0.6022727272727273

Fold elapse time : 0.02 minutes 


#### Fold 3 ####
Fold : 3
Feature Set : ['212949_at', '202870_s_at', '218663_at', '218726_at', '218308_at']
Actual Output : [0.5888547131808144, 0.8422007290750753, 0.37293375638764914, 0.5076315957640292, 0.5429383747967446, 0.6532918619437206, 0.4837492118976125, 0.6400503924798702, 0.14926889009404753, 0.5673139524694404, 0.7673630964027753, 0.38260450535083845, 0.649150674198824, 0.4256000481983475, 0.3523417550645841, 0.7439858856907053, 0.7941402592004644, 0.6282301276330947, 0.6997202635465913, 0.6805997686338876, 0.7434110791000635, 0.7017072931248975, 0.67606342330858, 0.4669577654335179, 0.7670812073379397, 0.7014244328207802, 0.8730648567727076, 0.5155614903551046, 0.3631526213879169, 0.4931411609333305, 0.3714796691731634, 0.6027587588527713, 0.6166999565172401, 0.40355721139762174, 0.7278627471042438, 0.703455410176253, 0.45287299816363197, 0.7385943051711307, 0.3169860458396396, 0.5880306979229456, 0.5947247365669338, 0.6525518255342583, 0.40932833148337905, 0.44856486741363, 0.24980799827094405, 0.4258479898826514, 0.45508638840231724, 0.7299465890857074, 0.3408431176006526, 0.5338441357598059, 0.4909066100684982, 0.8085004341065791, 0.5250484989825862, 0.45443190339083844, 0.4839073297874292, 0.6478076376296359, 0.5656302017814723, 0.6288471321185193]
Desired Output : [1, 0, 0, 0, 0, 1, 0, 0, 1, 1, 0, 0, 0, 0, 0, 0, 1, 0, 0, 1, 0, 1, 1, 0, 0, 0, 0, 1, 0, 0, 0, 1, 0, 0, 1, 1, 0, 1, 0, 1, 1, 0, 0, 1, 0, 0, 1, 1, 1, 1, 0, 0, 1, 0, 0, 1, 0, 0]
AUC ROC Score from testing : 0.595959595959596

Fold elapse time : 0.02 minutes 


#### Fold 4 ####
Fold : 4
Feature Set : ['212949_at', '202870_s_at', '218663_at', '218726_at', '218308_at']
Actual Output : [0.43586970850714973, 0.5182037434462893, 0.7191612468376015, 0.3086115886228993, 0.6200181119304283, 0.654524714259105, 0.6342880208301965, 0.6841948111389903, 0.6216972252955905, 0.7732709881482935, 0.6808509214254493, 0.3897138419420348, 0.684647545580733, 0.5879003019306801, 0.5024430897393949, 0.4771460176865274, 0.48485749608413864, 0.09488887410320013, 0.6807080130086355, 0.827642414283595, 0.5766067976549245, 0.5084805625502106, 0.6673301234772376, 0.48187678984382626, 0.3542003892985067, 0.4916926200243983, 0.6473272375161051, 0.5269396967057315, 0.47567268084929376, 0.603090531027356, 0.6786057935045486, 0.12271133671360081, 0.4571099122586198, 0.6556156124239579, 0.8312306673841622, 0.8160761670427312, 0.6494297989866562, 0.5783060815874554, 0.4508579214278795, 0.6421026816754986, 0.7264462312266757, 0.6143758379228453, 0.6466637536439417, 0.3385912964667766, 0.41912840466825285, 0.558501111865025, 0.47654673124287167, 0.5632520279755531, 0.6207253613175931, 0.2973691609009752, 0.6772925188797407, 0.5209303881403243, 0.44621599968739883, 0.6351081773685999, 0.8136773267963269, 0.26907771441621614, 0.5930230529313952, 0.34727857916035376]
Desired Output : [0, 0, 0, 0, 0, 1, 0, 0, 0, 0, 0, 0, 0, 1, 0, 0, 0, 0, 1, 1, 0, 1, 0, 0, 0, 1, 0, 1, 0, 0, 0, 0, 0, 1, 1, 1, 0, 1, 0, 1, 0, 1, 1, 1, 1, 0, 1, 0, 1, 1, 0, 1, 1, 1, 0, 0, 0, 0]
AUC ROC Score from testing : 0.5505050505050506

Fold elapse time : 0.02 minutes 


#### Fold 5 ####
Fold : 5
Feature Set : ['212949_at', '202870_s_at', '218663_at', '218726_at', '218308_at']
Actual Output : [0.7173195293504467, 0.6255766647463259, 0.7121401064139127, 0.7891704325088541, 0.6799348442380678, 0.4610951858228717, 0.7525503002484268, 0.4414988351578196, 0.6391576185159195, 0.7649818375732335, 0.5487926323363388, 0.6753701837541741, 0.3825887205580954, 0.23299583606530322, 0.6232762415495712, 0.6559544886602309, 0.4569335402571772, 0.5799384988739548, 0.6546730893034669, 0.5926526239546024, 0.5386404802747918, 0.5876532264845619, 0.773245959472601, 0.4790835380359541, 0.5785271021383641, 0.6683280579042751, 0.769183869886488, 0.7739594082021897, 0.34271122257102693, 0.6655500400985586, 0.6822352793232433, 0.6032108820093786, 0.6283870204461542, 0.5605517249405927, 0.3803445630658112, 0.6733673336026562, 0.4936030912058014, 0.8471174718387197, 0.5687200489727794, 0.591398974477802, 0.531147220361865, 0.46664831455099864, 0.5316905844469494, 0.5660500422401162, 0.5487449132815895, 0.6601080873573869, 0.46563677358460814, 0.8289438855180788, 0.8603343755054406, 0.615092303734209, 0.622659241909928, 0.7829349224987331, 0.5808289733791989, 0.7461262186883206]
Desired Output : [0, 1, 1, 1, 0, 0, 0, 1, 0, 0, 1, 0, 0, 0, 1, 0, 0, 0, 0, 0, 0, 0, 0, 0, 1, 1, 1, 0, 0, 0, 0, 0, 1, 1, 0, 0, 1, 0, 0, 1, 0, 1, 0, 0, 0, 1, 1, 1, 0, 1, 1, 0, 0, 0]
AUC ROC Score from testing : 0.49473684210526314

Fold elapse time : 0.02 minutes 


#### Summary ####
Average AUC score : 0.566624
Maximum AUC score : 0.6022727272727273
Size of feature set which gives the highest AUC score from testing : 5
Feature set which gives the highest AUC score from testing : 
['212949_at', '202870_s_at', '218663_at', '218726_at', '218308_at']
Time Elapse : 0.86 minutes (0.01 hours)

#################################### Epoch : 4 ####################################

#### Fold 1 ####
Fold : 1
Feature Set : ['212949_at', '218726_at', '202870_s_at']
Actual Output : [0.6824815148686803, 0.5336023719710924, 0.6024598311030126, 0.33827999752596455, 0.68552234852787, 0.3506883724877029, 0.5525729739436185, 0.3676569873988033, 0.3672922418855459, 0.39317530476701523, 0.6773146851571175, 0.5932142876056176, 0.5744247220770485, 0.7046772845659466, 0.3021734110332516, 0.339656967885648, 0.4022340246722903, 0.6587652533703675, 0.311778192224137, 0.6020352187182277, 0.5068720627264753, 0.6662058083674264, 0.6451031778189387, 0.6116238010356608, 0.5690767529835564, 0.340833306196611, 0.46922712899176083, 0.4398605993901892, 0.3353126340732701, 0.4667765973011081, 0.48995808158307946, 0.6047404459122184, 0.6011838447870447, 0.3359079388771366, 0.689509615760558, 0.7732904107629577, 0.4968616955163292, 0.461262932307458, 0.5789247213233085, 0.3617775306040398, 0.31929845142127933, 0.3720060284999837, 0.3429805812179438, 0.37594792304172603, 0.339853275166123, 0.3258646634360019, 0.4144405870430857, 0.6276892488742785, 0.3506883724877029, 0.6322399049853747, 0.34434077063488955, 0.8100848796740415, 0.6501665821872797, 0.6272293771053307, 0.3410290118669072, 0.33232226266195614, 0.58407948461131, 0.5477145321402166]
Desired Output : [0, 0, 1, 0, 1, 0, 0, 0, 0, 0, 0, 0, 1, 0, 0, 0, 0, 1, 0, 1, 1, 0, 1, 0, 1, 0, 0, 0, 0, 1, 1, 0, 1, 0, 1, 1, 1, 0, 0, 0, 0, 0, 1, 1, 0, 1, 0, 1, 0, 1, 1, 0, 0, 0, 0, 1, 1, 0]
AUC ROC Score from testing : 0.6439393939393939

Fold elapse time : 0.02 minutes 


#### Fold 2 ####
Fold : 2
Feature Set : ['212949_at', '218726_at', '202870_s_at']
Actual Output : [0.5005877834188824, 0.5441111425956408, 0.6705068847736246, 0.3347389054789012, 0.40592698468494776, 0.28417269991197164, 0.3494986869913586, 0.32101929929074463, 0.7025596741217769, 0.5215099766739464, 0.28299678920818033, 0.5213751994236485, 0.4998747676104804, 0.7951667050891745, 0.6149008207869321, 0.40303613390997806, 0.5942979387575016, 0.49930339338696594, 0.7482796448519308, 0.31927576500882393, 0.5306926903299287, 0.47557272084298174, 0.5048380356681623, 0.7059250151386555, 0.3155492281671684, 0.5486420643402155, 0.2813457571760253, 0.6604477610905364, 0.5087623764050353, 0.6123174086777506, 0.2746855919769345, 0.8346225385530587, 0.5969175277970701, 0.3290000100454885, 0.6659130249818451, 0.33219702058699935, 0.5572905600423189, 0.8164487829534509, 0.6120060134530673, 0.35861275227303335, 0.6275159326789072, 0.4261462716859165, 0.2911692964100761, 0.7036348704764123, 0.6953898577507306, 0.29508979194149476, 0.34641968333519296, 0.5837231738358734, 0.2911692964100761, 0.48680836960873114, 0.44657831444053153, 0.5832705724882843, 0.3259962449142344, 0.28487689206957817, 0.5707005629649128, 0.32835796932303035, 0.2796891498213188, 0.606138058028406]
Desired Output : [1, 0, 0, 0, 0, 0, 1, 1, 0, 0, 0, 0, 0, 0, 0, 0, 0, 0, 0, 0, 0, 0, 1, 0, 0, 1, 0, 1, 0, 0, 0, 1, 1, 1, 1, 1, 1, 0, 0, 1, 0, 0, 0, 0, 1, 1, 1, 1, 1, 1, 1, 1, 0, 1, 0, 0, 0, 0]
AUC ROC Score from testing : 0.4779040404040404

Fold elapse time : 0.02 minutes 


#### Fold 3 ####
Fold : 3
Feature Set : ['212949_at', '218726_at', '202870_s_at']
Actual Output : [0.5315829066126215, 0.35575134144164516, 0.37285907188341855, 0.49550869227513633, 0.548793899394682, 0.48301563895197747, 0.5208544845650434, 0.31278641773727317, 0.5522145757748113, 0.6983326690169938, 0.36618051664863327, 0.3645810644379391, 0.3535571125378371, 0.3824862877830386, 0.6108642080599402, 0.46816096326512785, 0.780363002978593, 0.3293356303279336, 0.44473053807153123, 0.4584987526587994, 0.3674198169721568, 0.3326411344692493, 0.4601291765637611, 0.5678650438206391, 0.6479209470220157, 0.6420000186314624, 0.5090276042225693, 0.613496217891731, 0.6342559509349013, 0.6338912579903075, 0.4331742706435104, 0.33973996099254056, 0.30725124282850785, 0.34182558631697574, 0.6650146917670432, 0.41522545094437735, 0.31420907234648493, 0.4673666872909693, 0.6648231496922173, 0.407872613497259, 0.31884810316575724, 0.5795170041226246, 0.6035429873782574, 0.5082145742348273, 0.3559336217135297, 0.45480036010149033, 0.533618078745755, 0.34838746204159554, 0.5522145757748113, 0.38180694200228915, 0.5535115468399576, 0.51906519969559, 0.6013048145064696, 0.31562667791606347, 0.3517188522386956, 0.31542447094058346, 0.3295308466575387, 0.5283402082350377]
Desired Output : [0, 0, 0, 0, 0, 0, 0, 0, 0, 0, 0, 0, 0, 0, 0, 1, 1, 0, 0, 0, 0, 0, 1, 0, 0, 1, 1, 1, 1, 1, 1, 0, 0, 1, 1, 1, 0, 0, 0, 0, 1, 1, 1, 1, 1, 1, 0, 0, 0, 0, 1, 1, 0, 1, 0, 1, 0, 0]
AUC ROC Score from testing : 0.6161616161616161

Fold elapse time : 0.02 minutes 


#### Fold 4 ####
Fold : 4
Feature Set : ['212949_at', '218726_at', '202870_s_at']
Actual Output : [0.4196228471305111, 0.26438307392562993, 0.39037291195962626, 0.46420856341406663, 0.5028758910761277, 0.5828168577371963, 0.5615188927198516, 0.3379875697736122, 0.40417591008527254, 0.8002798761196952, 0.26983542106915426, 0.7403963236826121, 0.29403282716864465, 0.6951905983737208, 0.2790473530292797, 0.46353429488253706, 0.459465162485189, 0.5841674125817733, 0.2680244879164952, 0.24387743946893298, 0.6183100473878231, 0.7228181379039562, 0.3915730494763241, 0.2607153610598435, 0.2986851330318693, 0.3865509951825828, 0.7368355942885901, 0.48361042548873084, 0.26516558119410366, 0.5241343325592314, 0.3728076265676351, 0.567478761654177, 0.5978620529647348, 0.7349623742515788, 0.3168634778570986, 0.49702420007420317, 0.3236236840137972, 0.33051786329192995, 0.49343938302571905, 0.2845946213133393, 0.5989202885560935, 0.2729248459616503, 0.5252893181962545, 0.4713872392186299, 0.35127201000877234, 0.2633378519498604, 0.7486688421082539, 0.323392153501325, 0.36503524783522745, 0.7513702755574679, 0.907517612130349, 0.35083523425134855, 0.44489814706262637, 0.4026201397378481, 0.25755045878605237, 0.2551638547533508, 0.4803871849452277, 0.4126349835684614]
Desired Output : [0, 0, 1, 0, 1, 0, 0, 0, 1, 0, 0, 0, 0, 1, 1, 0, 0, 1, 0, 0, 1, 0, 1, 0, 1, 0, 0, 0, 0, 1, 0, 0, 0, 0, 0, 0, 0, 0, 0, 1, 1, 0, 1, 1, 1, 1, 1, 1, 0, 0, 0, 0, 1, 0, 1, 1, 1, 0]
AUC ROC Score from testing : 0.48358585858585856

Fold elapse time : 0.02 minutes 


#### Fold 5 ####
Fold : 5
Feature Set : ['212949_at', '218726_at', '202870_s_at']
Actual Output : [0.45540699668307894, 0.42131920511064536, 0.41867443140397903, 0.453550180141025, 0.49679091107758183, 0.5668249043022128, 0.4508792597014548, 0.4195582742325867, 0.5251356051347141, 0.6001790373308373, 0.41615789112271623, 0.4837509167348581, 0.4460164951115194, 0.4360727549380594, 0.41615789112271623, 0.4481865424723219, 0.4216118216869639, 0.6606222167409035, 0.6311712535639691, 0.41362298387934654, 0.6251468017211851, 0.421026339948158, 0.534693179113497, 0.39879762268521957, 0.42073322588259565, 0.5528062180988738, 0.49702298360846275, 0.40667013686828585, 0.45908933192433926, 0.41122023000055197, 0.5391547747161812, 0.41675166322339574, 0.619638487296831, 0.5934277421092675, 0.5751681665679631, 0.49175855542592534, 0.6175498814453688, 0.5738398327866012, 0.482416389267951, 0.6492343086510183, 0.5262950170781433, 0.8135573947344428, 0.5885190403376044, 0.7354387953189613, 0.5830879307706195, 0.44832170012569567, 0.6065999050709415, 0.6471918524259204, 0.5962963218082982, 0.46285980964571005, 0.45606760541310126, 0.4395589811033697, 0.7312718113526587, 0.5405599168485977]
Desired Output : [0, 0, 0, 0, 1, 0, 1, 0, 1, 0, 1, 0, 0, 0, 0, 0, 0, 0, 1, 0, 0, 0, 0, 1, 0, 0, 1, 0, 1, 0, 0, 0, 0, 1, 1, 0, 0, 0, 0, 0, 1, 1, 0, 0, 0, 0, 1, 1, 1, 0, 1, 1, 1, 1]
AUC ROC Score from testing : 0.624812030075188

Fold elapse time : 0.02 minutes 


#### Summary ####
Average AUC score : 0.569281
Maximum AUC score : 0.6439393939393939
Size of feature set which gives the highest AUC score from testing : 3
Feature set which gives the highest AUC score from testing : 
['212949_at', '218726_at', '202870_s_at']
Time Elapse : 0.79 minutes (0.01 hours)

#################################### Epoch : 5 ####################################

#### Fold 1 ####
Fold : 1
Feature Set : ['212949_at', '221258_s_at', '202870_s_at', '204822_at', '218663_at']
Actual Output : [0.37450013097796775, 0.6368652401588092, 0.8025451606191483, 0.9501925895718109, 0.7435819542213072, 0.32114533654608496, 0.497070324757319, 0.8039570571121878, 0.5052995757102139, 0.4118590054516504, 0.6165913963961567, 0.6800191695062662, 0.6472816471474739, 0.5526938717081475, 0.6559504706763899, 0.7192097771394241, 0.897201007373912, 0.4064936935730734, 0.6682346110771165, 0.28946012018463535, 0.4654344548820982, 0.41765405611761725, 0.5134744750344834, 0.5842540803073174, 0.09454804666707756, 0.7732277982289141, 0.6043985843742626, 0.7049770441129337, 0.4745344003764583, 0.698171326712237, 0.8666559472773658, 0.5774905545202998, -0.04482363852063885, 0.918060958220184, 0.5434978404892404, 0.7544850294668585, 0.6281940351130774, 0.21476142842496518, 0.6957313468265717, 0.34628277442832933, 0.36938613532243714, 0.9831699465981333, 0.4626957622048705, 0.7728260366317979, 0.5233477401090544, 0.6711828864163665, 0.44736647339374624, 0.6131565777910909, 0.6429731803094543, 0.5821994472370164, 0.5791235720708362, 0.8014254825214828, 0.47659445792057886, 0.7494729292384386, -0.025684531535850194, 0.6654068783362884, 0.7062737453911655, 0.7855732270280753]
Desired Output : [0, 1, 0, 0, 1, 1, 0, 0, 0, 0, 0, 0, 0, 0, 0, 0, 1, 0, 0, 0, 1, 0, 1, 0, 0, 0, 1, 0, 0, 0, 0, 1, 1, 1, 0, 1, 1, 1, 0, 1, 0, 1, 1, 0, 0, 0, 0, 1, 1, 1, 1, 0, 1, 1, 0, 0, 0, 0]
AUC ROC Score from testing : 0.46212121212121204

Fold elapse time : 0.02 minutes 


#### Fold 2 ####
Fold : 2
Feature Set : ['212949_at', '221258_s_at', '202870_s_at', '204822_at', '218663_at']
Actual Output : [0.3721473159379544, 0.7384227841784381, 0.3569383501310041, 0.23495443431842958, 0.8380317068158314, 0.5670079554043203, 0.09956110485865391, 0.6642741665926278, 0.5254178053275393, 0.46940303819493556, 0.6369349809293765, 0.6823905444129167, 0.7369609595860693, 0.7864746165902761, -0.3955590309491813, 0.5050108739229179, 0.7363720350934019, 0.6566140690618041, 0.732723841080661, 0.16152908917069292, 0.5834381135600896, 0.7591667454549971, 0.7275933878728228, 0.5800608175818318, 0.653198212592186, 0.2701199278049849, 0.31387683982460357, 0.42320505276975734, 0.6497140510715494, 0.6795881833989342, 0.4829783217918012, 0.5460419705453382, 0.4805796630702269, 0.7827603125293503, 0.5414320619169876, 0.479339492358147, 0.7722701296037475, 0.7620386942374511, 0.587169750032548, 0.2657707632715827, 0.4450962770466139, 0.7627017624112484, 0.5352733551618947, 0.5144771686970107, 0.6617803574585217, 0.6988496341278977, 0.5483195347234804, 0.5162206727630934, 0.0923645968982678, 0.5427496453673422, 0.45930956430148595, 0.43149721735357166, 0.4745221034402842, 0.6058849816606505, 0.5796654416552547, 0.6673529727513308, 0.8075737563335101, 0.26360756277689196]
Desired Output : [0, 1, 0, 0, 0, 0, 0, 0, 1, 1, 1, 0, 0, 0, 0, 0, 0, 1, 1, 1, 0, 0, 0, 0, 0, 0, 0, 0, 1, 0, 0, 1, 1, 0, 0, 0, 1, 1, 0, 1, 0, 1, 0, 0, 1, 0, 0, 1, 0, 1, 0, 1, 1, 0, 1, 1, 1, 0]
AUC ROC Score from testing : 0.5845959595959597

Fold elapse time : 0.02 minutes 


#### Fold 3 ####
Fold : 3
Feature Set : ['212949_at', '221258_s_at', '202870_s_at', '204822_at', '218663_at']
Actual Output : [0.5234542245636594, 0.557496877484874, 0.7160952071117408, 0.4930655905960916, 0.6040720378971575, 0.817851067817421, 0.49493120678190833, 0.7138711989120028, 0.8006886179135754, 0.6655156490138274, 0.5596100520003296, 0.5427404184961233, 0.4606837471549951, 0.6695446512624293, 0.39996523798113726, 0.3565990697587394, 0.7539496719727015, 0.44492119678709247, 0.5578085606072016, 0.780563677387036, 0.6743280094527377, 0.5223112766532927, 0.3912040906588846, 0.5508420034535549, 0.4384296661449462, 0.6937486323955196, 0.7473928262404254, 0.2422052028130344, 0.1761343102482932, 0.4777549339838388, 0.6035031813413054, 0.6428232322607714, 0.09229157014761365, 0.42738793520011514, 0.5684801666850244, 0.5692968682054733, 0.6527099191519753, 0.8141838571128751, 0.8216588357737046, 0.32954730908443686, 0.8795786115849981, 0.6892174198415792, 0.7899583321546533, 0.7306077866865254, 0.7778937961553123, 0.5112780320565632, 0.592400974489237, 0.24790191963757585, 0.7036474494564376, 0.512261074904653, 0.7010736928161345, 0.32033956435166333, 0.5915691310800624, 0.7977976388010981, 0.5954886803640628, 0.8883562187398433, 0.43915912986396954, 0.5079353091096719]
Desired Output : [0, 0, 0, 0, 0, 1, 1, 0, 0, 0, 1, 0, 0, 0, 0, 0, 1, 0, 1, 1, 0, 1, 0, 0, 0, 1, 0, 0, 0, 1, 1, 0, 0, 0, 0, 0, 0, 1, 0, 0, 0, 0, 1, 1, 1, 1, 0, 0, 0, 1, 1, 1, 1, 1, 1, 1, 0, 0]
AUC ROC Score from testing : 0.6792929292929293

Fold elapse time : 0.02 minutes 


#### Fold 4 ####
Fold : 4
Feature Set : ['212949_at', '221258_s_at', '202870_s_at', '204822_at', '218663_at']
Actual Output : [0.34192406344960186, 0.6891217723537806, 0.8397663927402588, 0.7880051301249487, 0.3946955017191854, 0.6328829225529488, 0.7219694839100413, 0.5500274881633819, 0.8661470280733606, 0.21504064785828778, 0.01563958388449542, 0.5657232071643084, 0.7853761073215287, -0.11536498533824814, 0.5525967585198597, 0.8142283125887358, 0.12999871485322081, 0.44619819908153485, 0.4191573627558695, 0.08318911227724328, 0.6956205586368609, 0.4455268125735415, 0.582670020680345, 0.5759692374790382, 0.656529125676579, 0.49811164258444607, 0.5011736712698385, 0.18719886536115923, 0.5013790374078712, 0.6651015216051159, 0.721942230430672, 0.5419045119299524, 0.8205808802289152, 0.4871605470851343, 0.8464432641450947, 0.6942885856573778, 0.6317549234445106, 0.4614577017295012, 0.8582102091181263, 0.3617551295987338, 0.4090019958815543, 0.8680424383856428, 0.325781678126324, 0.7325811574265018, 0.004988397335529591, 0.34339773127426326, 0.7157837312813041, 0.5541703900752615, 0.13233934338549586, 0.5289092732537843, 0.7994475347716283, 0.6735502118809209, 0.6281141238526632, 0.7830419150960959, 0.9071215703399809, 0.5950051515871783, 0.8416536411623533, 0.5850861657050581]
Desired Output : [0, 1, 0, 0, 0, 0, 0, 0, 0, 0, 0, 0, 0, 0, 0, 0, 0, 1, 0, 0, 0, 0, 0, 1, 1, 1, 0, 1, 0, 1, 1, 1, 1, 1, 0, 1, 0, 1, 0, 1, 1, 1, 1, 0, 0, 1, 0, 0, 1, 1, 0, 1, 0, 0, 0, 1, 0, 0]
AUC ROC Score from testing : 0.4154040404040404

Fold elapse time : 0.02 minutes 


#### Fold 5 ####
Fold : 5
Feature Set : ['212949_at', '221258_s_at', '202870_s_at', '204822_at', '218663_at']
Actual Output : [0.4809707302941606, 0.5054553876283923, 0.8067207971399649, 0.6118266061003823, 0.6477168020632691, 0.48306278653284573, 0.6012900933268986, 0.7018913104098203, 0.7204349488665607, 0.6686195075284208, 0.5746828489421081, 0.6940257824230003, 0.6019442306270361, 0.7068086620450443, 0.3525780801986693, 0.6903726618497087, 0.6512792245544659, 0.7402130603399509, 0.8531222989680262, 0.2964036247386761, 0.6393227534520577, 0.5169354263672823, 0.5839744851692397, 0.764379131467782, 0.6022570370264085, 0.6863657252827665, 0.7298022705187138, 0.23339029761207858, 0.6412511345591936, 0.8207493641810322, 0.672547895307117, 0.7320354788580706, 0.9323246322636906, 0.8555750642605264, 0.668964993895803, 0.6958945278109395, 0.7073903134643003, 0.32309098550994453, 0.3830601675314199, 0.5928825322296342, 0.4913692774943228, 0.48536359332777046, 0.8707438328084991, 0.680307115184825, 0.5043978734655782, 0.784048219025149, 0.6546488054948599, 0.6231885580293905, 0.6673740763538414, 0.6054582012893417, 0.7512798354308187, 0.6107986249082045, 0.8804081662331747, 0.43096691050769276]
Desired Output : [0, 0, 1, 0, 0, 0, 0, 0, 0, 0, 0, 0, 0, 1, 0, 1, 0, 1, 0, 1, 0, 0, 0, 0, 1, 0, 1, 0, 0, 1, 0, 0, 1, 1, 0, 1, 0, 0, 0, 0, 0, 0, 1, 1, 1, 1, 1, 0, 1, 0, 1, 1, 0, 0]
AUC ROC Score from testing : 0.7458646616541353

Fold elapse time : 0.02 minutes 


#### Summary ####
Average AUC score : 0.577456
Maximum AUC score : 0.7458646616541353
Size of feature set which gives the highest AUC score from testing : 5
Feature set which gives the highest AUC score from testing : 
['212949_at', '221258_s_at', '202870_s_at', '204822_at', '218663_at']
Time Elapse : 0.79 minutes (0.01 hours)

Average AUC score over 5 epoch : 0.571098


Feature frequency :
1. 212949_at : 5
2. 202870_s_at : 3
3. 204822_at : 2
4. 218663_at : 2
5. 218726_at : 2
6. 218308_at : 1
7. 221258_s_at : 1

Total elapse time : 5.52 minutes (0.09 hours) 
