 The first dataset : GSE3494_GPL96.csv
 The second dataset : GSE2034-22071 (edited).csv
Number of epochs : 3
Number of folds : 5
Number of top-ranked features : 10

#################################### Epoch : 1 ####################################

#### Fold 1 ####
Fold : 1
Feature Set : ['212949_at', '221275_s_at']
Actual Output : [0.532503458835121, 0.49157424577711656, 0.4982291911607036, 0.3247480993569464, 0.5484181240911244, 0.2898188937358226, 0.34793972427816083, 0.35143327165882887, 0.6885734662031608, 0.7123014369634884, 0.31792802036051837, 0.2887119586196477, 0.3052633141256815, 0.7260696975148523, 0.3440255715500072, 0.3334846124444174, 0.46015718504884096, 0.5703855259159343, 0.49661040471171125, 0.6010317445499804, 0.3069720491970028, 0.31416486783101344, 0.5235776536483872, 0.3487184454260074, 0.451733270028372, 0.5739837148559515, 0.5407309847723898, 0.5068762051089761, 0.582653343042144, 0.6507167690537881, 0.6084293226611858, 0.7072920666750087, 0.4930786146013081, 0.3489129128519295, 0.586955943787532, 0.3935989548584849, 0.6296258162458227, 0.5447732033438691, 0.29202503746918407, 0.61508494289447, 0.6816566254954127, 0.30009926791571, 0.5348218084962486, 0.34852389291155134, 0.39394955396158915, 0.7224343067340041, 0.556052021298111, 0.6351287167157468, 0.2964066694550296, 0.5182658583644617, 0.32923892402088895, 0.6345918660480773, 0.31437473925125076, 0.47846656458474257, 0.3050492811329945, 0.41943980066401443, 0.54287683688338, 0.2855987455573564]
Desired Output : [0, 0, 1, 0, 0, 0, 1, 1, 0, 0, 0, 0, 1, 0, 0, 0, 0, 1, 1, 1, 0, 0, 0, 0, 1, 0, 1, 1, 0, 1, 0, 0, 0, 0, 1, 0, 0, 0, 1, 1, 1, 1, 0, 1, 0, 0, 0, 1, 1, 1, 0, 0, 0, 1, 1, 0, 0, 0]
AUC ROC Score from testing : 0.48611111111111116

Fold elapse time : 0.06 minutes 


#### Fold 2 ####
Fold : 2
Feature Set : ['212949_at', '221275_s_at']
Actual Output : [0.68688499881799, 0.5387958324443606, 0.47220956798888825, 0.42559585813631917, 0.32856288681335394, 0.5183396092427386, 0.553236859341245, 0.4844278027812043, 0.46348485060438327, 0.35817370777809904, 0.5614963227481724, 0.38468105864750735, 0.3150951670130276, 0.7102985067412635, 0.3427683012507852, 0.4998824860975423, 0.3609623059171987, 0.4141748025421135, 0.3939784611032617, 0.6616949676187472, 0.5827640745028116, 0.6183228054809369, 0.30160730072678615, 0.60174534672454, 0.5671130012253833, 0.6837334801874935, 0.44445660026787653, 0.3079835554257568, 0.4093091213262473, 0.43270899067065516, 0.6008489221290131, 0.32614660116043825, 0.5077125801320115, 0.2994603826880512, 0.5291951388157745, 0.41881795783606046, 0.4917303470931086, 0.3271551110915661, 0.33730271016464086, 0.5218826034973773, 0.823156211548993, 0.41369111080984505, 0.30924732997415594, 0.6750265505307904, 0.3808273873883023, 0.36299483568810476, 0.43469399592681374, 0.6212525855253267, 0.5565053748588245, 0.5581783946790623, 0.34758658464742304, 0.48835989346420794, 0.6082891061991142, 0.7251033150803073, 0.45280111110557314, 0.6525806305256419, 0.5318225850360367, 0.5931094146693722]
Desired Output : [0, 0, 0, 1, 0, 0, 0, 0, 1, 0, 0, 0, 1, 0, 0, 0, 0, 0, 0, 1, 0, 0, 0, 1, 1, 0, 0, 0, 0, 0, 1, 0, 0, 0, 1, 0, 1, 1, 1, 1, 1, 1, 0, 0, 1, 0, 0, 1, 1, 1, 1, 1, 0, 1, 1, 0, 0, 0]
AUC ROC Score from testing : 0.5732323232323233

Fold elapse time : 0.05 minutes 


#### Fold 3 ####
Fold : 3
Feature Set : ['212949_at', '221275_s_at']
Actual Output : [0.34564471901297433, 0.6661580707094109, 0.32691899637939803, 0.3464867723210126, 0.2730637093961482, 0.4084191703369344, 0.3904232933081656, 0.33777792037860493, 0.2551785929709349, 0.46387252309348104, 0.278227081300432, 0.6029838347768576, 0.6891968527586314, 0.2538935341660612, 0.3966346851871911, 0.28981986458034154, 0.2971561169350875, 0.30966229578328147, 0.2710817600437183, 0.7181227170649688, 0.278227081300432, 0.2945662378176696, 0.5607783067964026, 0.6343994282686074, 0.45105940280559037, 0.5950248146194476, 0.3266990853851621, 0.6087952762595308, 0.6586334328586916, 0.4186337279279237, 0.33303276385473873, 0.4444882358970024, 0.5540100865457784, 0.5278665152678231, 0.26634115363819094, 0.8075014639469372, 0.5900406015385303, 0.4712026024553454, 0.32603870088627757, 0.45975545655453887, 0.6238341765310301, 0.30368347063471396, 0.3253773374229464, 0.7290915144059937, 0.44465388656924243, 0.29996492752836473, 0.5803926407022376, 0.3585164535979801, 0.35749250342430056, 0.3466970318001948, 0.4464713742073644, 0.26884210897513405, 0.6485751979012313, 0.3053008805878645, 0.8615579716732774, 0.32027412646759384, 0.2747911239443633, 0.2933841996304761]
Desired Output : [0, 0, 0, 0, 0, 1, 0, 0, 0, 0, 0, 0, 0, 1, 1, 0, 0, 1, 0, 0, 0, 0, 0, 1, 1, 0, 0, 0, 1, 1, 0, 0, 1, 0, 0, 0, 1, 1, 0, 0, 0, 1, 1, 1, 1, 0, 1, 0, 0, 1, 1, 1, 1, 1, 0, 0, 1, 0]
AUC ROC Score from testing : 0.5517676767676768

Fold elapse time : 0.06 minutes 


#### Fold 4 ####
Fold : 4
Feature Set : ['212949_at', '221275_s_at']
Actual Output : [0.43501559475296436, 0.3048485360822873, 0.4105685393024885, 0.5312985775365017, 0.34758620814706975, 0.3632886455092791, 0.41506389084351364, 0.35464292948151815, 0.3141916573134069, 0.3363528644375161, 0.3094377792023632, 0.5200205910843069, 0.6839588075391299, 0.5946589186783546, 0.574693494744392, 0.5198996458135645, 0.6635596721360623, 0.7589213370261845, 0.3092203902335805, 0.31718856119454897, 0.3247957174978269, 0.6406163705035889, 0.3163345295980637, 0.7983270180094479, 0.6497680980107888, 0.4762556736464512, 0.33472199069195935, 0.6598235099385369, 0.5006917304122482, 0.42453522258443593, 0.6824520976585289, 0.39586997763648135, 0.3100892625835277, 0.5545020631071845, 0.6968990706195246, 0.3302026899885864, 0.34381034034748076, 0.6477213030270167, 0.49654975455878514, 0.3467942744173259, 0.5858234198761532, 0.5794755782505069, 0.6778043327392002, 0.4648313367908378, 0.6004853941075425, 0.3074771643965004, 0.5875558628676173, 0.5409333562320581, 0.35580682117045764, 0.35444861080014134, 0.3100892625835277, 0.37581337546937965, 0.33655625828165586, 0.3039686261335175, 0.30374835824630225, 0.5849531041978825, 0.34321085143633845, 0.484200765272468]
Desired Output : [0, 0, 1, 0, 0, 0, 0, 0, 0, 1, 0, 0, 0, 0, 1, 0, 1, 0, 0, 0, 0, 0, 0, 1, 1, 0, 0, 0, 0, 1, 0, 0, 0, 1, 1, 0, 1, 1, 0, 1, 0, 0, 1, 1, 0, 1, 1, 0, 0, 1, 1, 0, 0, 1, 1, 1, 0, 1]
AUC ROC Score from testing : 0.557449494949495

Fold elapse time : 0.05 minutes 


#### Fold 5 ####
Fold : 5
Feature Set : ['212949_at', '221275_s_at']
Actual Output : [0.5614791368785682, 0.42372424733709807, 0.4209359492903496, 0.6427260453099747, 0.45971025706730595, 0.7146063427578506, 0.6158476375955054, 0.6019170221530107, 0.580064035099665, 0.606227035045715, 0.7625302472741854, 0.44971302804000474, 0.6415669174533042, 0.46738675625668336, 0.6417846847068691, 0.5605857118853375, 0.417340347574138, 0.40274279351417114, 0.536629941190974, 0.7364628857002689, 0.6505447747756994, 0.5320512439348526, 0.5287363142542961, 0.5441040411763992, 0.5644366333880279, 0.6824598139984791, 0.43420909900088844, 0.40826748347404834, 0.46343392472666006, 0.41307178073257, 0.5515937002183576, 0.5776456746603201, 0.5469357743342474, 0.6737951029253434, 0.5489117719649056, 0.7987444628478771, 0.7931068379342215, 0.42031328181615935, 0.413389754539682, 0.48772937513508247, 0.4635710290819704, 0.7478449414089614, 0.417654481181784, 0.7045229924881481, 0.5695853914988177, 0.457762729246336, 0.6165727136729181, 0.4768656890712022, 0.4402904969491362, 0.8379810795347755, 0.5003136875066397, 0.4109979316709731, 0.6192930827499099, 0.6104656081683469]
Desired Output : [1, 0, 0, 1, 0, 1, 0, 0, 0, 0, 0, 0, 0, 0, 1, 0, 0, 0, 1, 0, 0, 0, 0, 0, 1, 1, 0, 0, 1, 0, 0, 1, 0, 1, 1, 1, 1, 0, 0, 0, 1, 0, 0, 0, 1, 1, 1, 0, 0, 0, 0, 1, 1, 0]
AUC ROC Score from testing : 0.6691729323308271

Fold elapse time : 0.06 minutes 


#### Summary ####
Average AUC score : 0.567547
Maximum AUC score : 0.6691729323308271
Size of feature set which gives the highest AUC score from testing : 2
Feature set which gives the highest AUC score from testing : 
['212949_at', '221275_s_at']
Time Elapse : 2.17 minutes (0.04 hours)

#################################### Epoch : 2 ####################################

#### Fold 1 ####
Fold : 1
Feature Set : ['212949_at', '218308_at', '202870_s_at', '218726_at', '205794_s_at']
Actual Output : [0.4337397779306027, 0.60604258240471, 0.7729993218575685, 0.7223092983694913, 0.5459253745141815, 0.6340835590712609, 0.19681850499156475, 0.5136301329393652, 0.3302823335815257, 0.8281032963717856, 0.6635954569921759, 0.3737384546363265, 0.835365300001766, 0.38989917414569647, 0.6693958205619007, 0.7883607457120124, 0.619663238331482, 0.502335531733, 0.39966852734235553, 0.5283617795189383, 0.721102400859302, 0.6154275258279028, 0.7786567634590401, 0.43182512691356045, 0.6458464186249194, 0.5860376308771432, 0.7068831349042418, 0.6848105260826677, 0.572885954826875, 0.6590442915673003, 0.7339720009714299, 0.4382355837988922, 0.654732534148977, 0.6388683219388965, 0.1914315058549637, 0.6712620111285241, 0.6578502272663032, 0.7573948200008079, 0.5719762764286735, 0.8646602260638789, 0.7156405548108598, 0.5571185596520913, 0.6577904589420469, 0.611490172985193, 0.8451443478905691, 0.7232644721714516, 0.4430526712656566, 0.7098571180918888, 0.5134678612712584, 0.5116903127643669, 0.5156594605693247, 0.6015841910471935, 0.5917332630989828, 0.43047511770033686, 0.6041049044745163, 0.5426445763751538, 0.07564294491751249, 0.35821491110684606]
Desired Output : [0, 1, 0, 1, 0, 1, 0, 0, 1, 0, 0, 0, 0, 0, 0, 1, 0, 0, 0, 0, 0, 0, 0, 1, 1, 0, 0, 1, 0, 0, 1, 0, 0, 1, 0, 1, 0, 1, 1, 0, 0, 0, 1, 1, 0, 1, 0, 1, 0, 1, 0, 1, 1, 1, 1, 0, 0, 0]
AUC ROC Score from testing : 0.5921717171717172

Fold elapse time : 0.05 minutes 


#### Fold 2 ####
Fold : 2
Feature Set : ['212949_at', '218308_at', '202870_s_at', '218726_at', '205794_s_at']
Actual Output : [0.6030269578677052, 0.6128783226367815, 0.3958498460785875, 0.6806007206515272, 0.41477605018723257, 0.6325352690459729, 0.6354259305126401, 0.42978687904853174, 0.6434163985362165, 0.7284965375042789, 0.23344999468307293, 0.5706878437242102, 0.6243422213309046, 0.7430993846804008, 0.6669707248479096, 0.3272861134844035, 0.5601569767752036, 0.4545274079077763, 0.1124707299610665, 0.4815440702844661, 0.5357974868004014, 0.6702722281069968, 0.22396774985630793, 0.5934757111339374, 0.11646497633452367, 0.33221532433384987, -0.011527483810895195, 0.7279299776045401, 0.6808490995609804, 0.15471725819882057, 0.5163351064816537, 0.20589586876984134, 0.6086070657307695, 0.39047315687443096, 0.5975303404217591, 0.3446291280791468, 0.6819672725127863, 0.2865215049850057, 0.8164502648649683, 0.4977970436487619, 0.5674771165210489, 0.5938863092204285, 0.6909533587740625, 0.3217866279196721, 0.528742495683879, 0.47594946274717526, 0.6225404013224967, 0.750787272324046, 0.5601631361336893, 0.5151563444410421, 0.5293540111183027, 0.6482363750905772, 0.6690301593161503, 0.5521023289835914, 0.7942079489801752, 0.6292366193955257, 0.8131563152172363, 0.6020913562604477]
Desired Output : [1, 0, 0, 1, 0, 0, 0, 0, 0, 0, 1, 1, 0, 0, 0, 0, 1, 0, 0, 0, 0, 1, 0, 0, 0, 0, 0, 0, 0, 0, 0, 0, 1, 0, 1, 0, 1, 1, 1, 0, 0, 1, 0, 0, 1, 1, 1, 1, 0, 1, 0, 1, 1, 1, 1, 1, 0, 0]
AUC ROC Score from testing : 0.6628787878787878

Fold elapse time : 0.05 minutes 


#### Fold 3 ####
Fold : 3
Feature Set : ['212949_at', '218308_at', '202870_s_at', '218726_at', '205794_s_at']
Actual Output : [0.8848097193637926, 0.7525241978451598, 0.5320080669220703, 0.5466473845268984, 0.3348336422148309, 0.7257418542230634, 0.7073108554875035, 0.14361837970520538, 0.39829679567224424, 0.819292956413593, 0.15575944736600245, 0.7837116715112816, 0.692250839714127, 0.6384235837875804, 0.8707453618619472, 0.8416551721499543, 0.7263004512245882, 0.7099472103207702, 0.5264329433342383, 0.4742190665853308, 0.47605917649944324, 0.6468107652628251, 0.7654376592214905, 0.4846676721765521, 0.7447922323586437, 0.6688108128881278, 0.564503711549169, 0.7366543469848037, 0.5405705640973686, 0.24106924127247284, 0.48706853315022214, 0.39907634108073387, 0.8797834261407218, 0.4546327854838219, 0.33314462236840686, 0.49009618082950734, 0.5860859131396273, 0.22805382197025925, 0.17761985110546613, 0.2021058306909648, 0.7082064719673996, 0.2975426848436189, 0.5454588376808547, 0.6806997399971312, 0.8020400590169536, 0.930135171980841, 0.6980385809815655, 0.6375307903523268, 0.26547805444869654, 0.2547022690350037, 0.7656267682428082, 0.8616222729433127, 0.48725480339208904, 0.44608176436848734, 0.5985578942769091, 0.4983978056853664, 0.5526622474523452, 0.587187575799959]
Desired Output : [0, 0, 0, 0, 0, 0, 0, 1, 0, 0, 0, 0, 1, 1, 1, 0, 1, 0, 0, 0, 1, 1, 0, 0, 0, 0, 1, 1, 0, 0, 1, 1, 1, 0, 0, 0, 0, 0, 0, 1, 0, 1, 0, 0, 0, 0, 1, 1, 1, 1, 0, 0, 0, 0, 1, 1, 1, 1]
AUC ROC Score from testing : 0.43686868686868685

Fold elapse time : 0.05 minutes 


#### Fold 4 ####
Fold : 4
Feature Set : ['212949_at', '218308_at', '202870_s_at', '218726_at', '205794_s_at']
Actual Output : [0.3536661996959159, 0.36599584375975747, 0.4838452833070703, 0.3821794155177603, 0.6590403807208702, 0.6640890092346045, 0.37255885895092294, 0.7310127684351473, 0.40400283613041604, 0.6361526393994371, 0.6230689882706207, 0.3770990428123947, 0.5543850465900699, 0.4707558874380576, 0.5493452370770012, 0.6487004972362032, 0.6348957117497491, 0.5047657573628469, 0.5209632918374072, 0.165868235745359, 0.655185618567756, 0.5241850092303673, 0.5888111833357896, 0.3357355644327741, 0.6037969176517677, 0.34184591491537025, 0.4988428570546361, 0.4930665786601892, 0.5791986009996752, 0.6866944051536856, 0.18836144260622345, 0.8846686019008482, 0.5821419732562579, 0.6166880123395295, 0.5391452779739037, 0.6424194930421664, 0.604201824398508, 0.747839415211459, 0.47293827502211705, 0.685480492146484, 0.6370572195962272, 0.710012002706621, 0.6249799277008249, 0.2946242236115829, 0.37940837565111873, 0.6971353772904555, 0.4385347959714627, 0.47386849742859444, 0.6704262676781684, 0.639752327612041, 0.6425898893111458, 0.41472387727237225, 0.45224696916716833, 0.805906596064882, 0.7689887833429467, 0.5163769527543405, 0.48247067967182183, 0.7358011351050364]
Desired Output : [0, 0, 0, 0, 0, 0, 0, 0, 0, 0, 1, 0, 0, 0, 0, 1, 0, 1, 0, 0, 1, 0, 0, 0, 0, 0, 1, 1, 1, 0, 0, 1, 1, 1, 0, 0, 0, 0, 1, 1, 0, 0, 1, 1, 1, 1, 0, 0, 1, 1, 1, 1, 1, 0, 0, 0, 1, 0]
AUC ROC Score from testing : 0.553030303030303

Fold elapse time : 0.05 minutes 


#### Fold 5 ####
Fold : 5
Feature Set : ['212949_at', '218308_at', '202870_s_at', '218726_at', '205794_s_at']
Actual Output : [0.7169285779501157, 0.5725635010047899, 0.5534989214933048, 0.666687926482348, 0.5801133448009186, 0.7042602117487382, 0.4186237017811685, 0.5657483271044219, 0.671525022429635, 0.4695550787874729, 0.6729674007901368, 0.7838763939595028, 0.5687656738943107, 0.1253996757957243, 0.4748717282107378, 0.8184014808651434, 0.6028993401408569, 0.5447021754081561, 0.3034008180869045, 0.7250264349116864, 0.5905027622469895, 0.6285137543272772, 0.6520236601575116, 0.6876642289926909, 0.3256965151432709, 0.5645991956337942, 0.8394515722246055, 0.5591489277678217, 0.7101926577399837, 0.4425704323192246, 0.5405995663567216, 0.46352885413047135, 0.6435270716417779, 0.7635818587868425, 0.748158908234309, 0.49754355303576153, 0.6358070959739173, 0.8151362964360293, 0.5242888218068875, 0.4025528196949268, 0.674009346124043, 0.6279878420008076, 0.6022873424031817, 0.6609442751865781, 0.5520674881816889, 0.6287795274824349, 0.7237149245176117, 0.5779406761561318, 0.5415375674662251, 0.4906256589834195, 0.5471540387597552, 0.5592335593533643, 0.3991586681722372, 0.6568860798322546]
Desired Output : [0, 0, 0, 1, 0, 0, 0, 0, 1, 1, 0, 0, 1, 0, 0, 0, 0, 0, 0, 0, 0, 1, 0, 1, 1, 0, 0, 1, 1, 0, 0, 0, 0, 0, 1, 0, 0, 1, 1, 0, 1, 1, 1, 0, 1, 0, 1, 1, 0, 1, 0, 0, 0, 0]
AUC ROC Score from testing : 0.5759398496240602

Fold elapse time : 0.05 minutes 


#### Summary ####
Average AUC score : 0.564178
Maximum AUC score : 0.6628787878787878
Size of feature set which gives the highest AUC score from testing : 5
Feature set which gives the highest AUC score from testing : 
['212949_at', '218308_at', '202870_s_at', '218726_at', '205794_s_at']
Time Elapse : 2.18 minutes (0.04 hours)

#################################### Epoch : 3 ####################################

#### Fold 1 ####
Fold : 1
Feature Set : ['212949_at']
Actual Output : [0.4332621041557717, 0.3043392037205436, 0.4103712923376284, 0.5123995283890148, 0.2792232302082521, 0.5294313577481666, 0.3546241740754762, 0.49005174581159666, 0.29370863811971326, 0.5359573930360866, 0.4184618139940456, 0.3402295761902192, 0.7457716914959329, 0.6142730930009574, 0.2779305380278786, 0.5299800654800801, 0.5080427198816058, 0.36601068298775946, 0.4751346978655861, 0.6239706644861187, 0.6920259320844656, 0.5106633743595848, 0.4719144024136551, 0.8397908759835093, 0.7525671203660599, 0.3075043480843465, 0.3471551144514839, 0.40152957981355836, 0.6870788912685984, 0.42929777608936814, 0.5216544555407147, 0.6682924574032152, 0.6706187191102616, 0.3406797646939141, 0.5034825756977873, 0.3026256125919656, 0.3315858154798963, 0.4553759826386135, 0.6043537793645294, 0.566288638740649, 0.6496666771803049, 0.4673578352586364, 0.8679787363323387, 0.27999711328498134, 0.3674917584400709, 0.36003351313930887, 0.5618413096235899, 0.710019689834151, 0.2912002783002186, 0.7424571121124445, 0.5736852394389227, 0.8824821675159848, 0.35484187983716825, 0.41696912609434933, 0.273769508228181, 0.28179780923786646, 0.3077468977436629, 0.28154099712512504]
Desired Output : [0, 0, 0, 1, 0, 0, 0, 0, 0, 0, 1, 0, 0, 0, 0, 0, 0, 0, 0, 1, 1, 1, 1, 1, 0, 0, 0, 0, 0, 0, 1, 1, 1, 0, 0, 1, 1, 0, 0, 1, 0, 1, 1, 0, 1, 1, 0, 0, 1, 0, 0, 0, 1, 0, 1, 1, 0, 1]
AUC ROC Score from testing : 0.48863636363636365

Fold elapse time : 0.05 minutes 


#### Fold 2 ####
Fold : 2
Feature Set : ['212949_at']
Actual Output : [0.30068967862725593, 0.4010447613703382, 0.34235759934345944, 0.6858120474426975, 0.3304440982757643, 0.34754753588417303, 0.35539567807419276, 0.552041567570689, 0.37344222362862245, 0.5084980080992658, 0.3966558691568055, 0.312234962381205, 0.34993569079413855, 0.3386113334280692, 0.3193740897593723, 0.6313078480950789, 0.5739323617670608, 0.6107331149160296, 0.5935453110076464, 0.2809745708209173, 0.45187629053009043, 0.3287148839200847, 0.44760447879574994, 0.31720499464783464, 0.564096047932373, 0.6448043562685145, 0.41455127499756855, 0.6750414338515779, 0.30130486319746747, 0.5467020366229478, 0.5722481691108604, 0.44931909680999327, 0.6363063636880756, 0.4970781724615575, 0.4881001191301836, 0.4210565099251859, 0.32445859417207407, 0.2913590212705651, 0.5684501820066787, 0.5731409398061742, 0.51150424897801, 0.3031453396928955, 0.42335354817574555, 0.5001852843925002, 0.3559377910815266, 0.6137764718085429, 0.3473632713383912, 0.3195707477525867, 0.3526745500324138, 0.3806491982249889, 0.39518207937849403, 0.44530598994383114, 0.477438609072726, 0.32406957982411005, 0.646426721323842, 0.5526763911649498, 0.31403065669660757, 0.5846131143405725]
Desired Output : [0, 1, 0, 1, 0, 0, 1, 0, 0, 0, 0, 1, 0, 0, 0, 0, 0, 0, 1, 1, 0, 0, 0, 0, 0, 1, 1, 0, 0, 0, 0, 1, 1, 0, 0, 1, 0, 0, 0, 1, 1, 1, 0, 1, 1, 1, 1, 0, 1, 0, 0, 1, 1, 1, 0, 0, 0, 0]
AUC ROC Score from testing : 0.5391414141414141

Fold elapse time : 0.05 minutes 


#### Fold 3 ####
Fold : 3
Feature Set : ['212949_at']
Actual Output : [0.33448260892577636, 0.27605380224726583, 0.5455115938137479, 0.541038315855545, 0.4043418649000766, 0.6837552313161983, 0.5830680353875554, 0.32676827887452226, 0.7186683899913575, 0.26713604492233756, 0.7453945335472011, 0.7242273464850656, 0.3260817965211127, 0.32217372290345714, 0.39013334424573604, 0.26274932552143937, 0.2755482902074572, 0.49628483843506077, 0.25042876332211383, 0.46731232439894727, 0.530781855855105, 0.2750422880488266, 0.49707024899512353, 0.2931990494695613, 0.25069389389919167, 0.3407461208287219, 0.7417009287253555, 0.523204681177039, 0.47466221759703453, 0.6050402719473719, 0.5630348437409589, 0.3802086158269912, 0.8422524577441495, 0.2704660951481795, 0.3895317400771931, 0.6368364262147829, 0.6038540538408405, 0.5463446150545065, 0.26093237956376114, 0.6354280091671032, 0.28976602599984796, 0.3128558105475214, 0.4409071210880606, 0.26816292570336125, 0.6582017787830504, 0.5889345905522514, 0.5676531763245957, 0.569745680589696, 0.3074187317435215, 0.2995142983239692, 0.6324841817223517, 0.25518107483525, 0.4382123469474295, 0.588438951407307, 0.9036164244558409, 0.3074187317435215, 0.3047975704545282, 0.6575924966209645]
Desired Output : [0, 0, 0, 0, 1, 0, 0, 1, 0, 1, 0, 0, 0, 0, 0, 0, 0, 0, 0, 0, 0, 0, 0, 0, 0, 1, 0, 1, 0, 0, 1, 0, 0, 0, 1, 0, 1, 0, 1, 1, 1, 1, 1, 1, 1, 1, 1, 1, 1, 0, 0, 1, 1, 1, 0, 0, 0, 0]
AUC ROC Score from testing : 0.4438131313131313

Fold elapse time : 0.05 minutes 


#### Fold 4 ####
Fold : 4
Feature Set : ['212949_at']
Actual Output : [0.48192678547011525, 0.5828253624948171, 0.3849445192518518, 0.3972684655063229, 0.5018460117956143, 0.5426333716966714, 0.5438736372330973, 0.3548770712873042, 0.3610006147734463, 0.5581371392642817, 0.419322252747618, 0.5761091008457155, 0.6169007920320876, 0.5901698183218798, 0.36234488015814365, 0.6442146239676774, 0.4349742124335093, 0.34880438677305065, 0.4726689241204847, 0.5071586380382715, 0.3466946249179978, 0.34897955569652994, 0.3633491907423456, 0.42274315330154144, 0.4916787299256785, 0.35539206658071787, 0.5818017778719393, 0.38603045167702293, 0.6521133590866437, 0.5800146826857353, 0.5266317141843415, 0.7226191010727321, 0.3950255819760908, 0.5697384312486259, 0.615365820777868, 0.7178046173893949, 0.49732474749549993, 0.4865337923399147, 0.3855655461312293, 0.4786602430006659, 0.6377275656863807, 0.3941235016275108, 0.35401682502809706, 0.39140019512897667, 0.6600311477504969, 0.6345395053507357, 0.5329660408367922, 0.4070766812105721, 0.4083686649463413, 0.40765162938403104, 0.5211196433430626, 0.606649075233576, 0.34932959730994917, 0.38150513846740514, 0.5387000175665289, 0.4911587591496012, 0.5286750496535817, 0.34545729870729835]
Desired Output : [0, 1, 0, 0, 0, 0, 0, 0, 0, 1, 0, 0, 1, 0, 0, 0, 1, 0, 1, 1, 0, 0, 0, 0, 1, 0, 1, 0, 1, 0, 1, 1, 0, 1, 1, 1, 1, 1, 0, 0, 0, 0, 0, 0, 1, 1, 0, 0, 0, 0, 1, 1, 1, 0, 0, 1, 0, 0]
AUC ROC Score from testing : 0.803030303030303

Fold elapse time : 0.05 minutes 


#### Fold 5 ####
Fold : 5
Feature Set : ['212949_at']
Actual Output : [0.5565386449487552, 0.7220420997035836, 0.40665499784812126, 0.5818836778762831, 0.4475632464657906, 0.6020756606662292, 0.5251394611781081, 0.4245435018087996, 0.3975634116476565, 0.6052058652720972, 0.7789153427827162, 0.4195157293309275, 0.4369839035266165, 0.6191552593477152, 0.6982665706125915, 0.42594585921805034, 0.7875912791409329, 0.40386704536335855, 0.7439735704576762, 0.6439714057377268, 0.38551281470096554, 0.5292464311870534, 0.40287835675419015, 0.3875750011592644, 0.7061374992220015, 0.6414006488137245, 0.6142241677014352, 0.5091845606148735, 0.5377664045539166, 0.4225088383041081, 0.5929604038670815, 0.5458498100925459, 0.6621447914687101, 0.6473885913561658, 0.4126556081015609, 0.7283828803384702, 0.39149835056212, 0.43027634516293634, 0.48787876989348616, 0.5796990891244284, 0.4215661405497595, 0.7113097116471494, 0.6417233010879042, 0.39923196405091926, 0.4773328563027885, 0.7623437369887847, 0.616524038516781, 0.42703306370736754, 0.40320819359000526, 0.7576025701841592, 0.5436243898463443, 0.4097478243226282, 0.6280948209466517, 0.49748044398859986]
Desired Output : [1, 0, 0, 0, 0, 0, 1, 1, 0, 0, 0, 0, 0, 1, 1, 0, 0, 0, 0, 0, 0, 0, 0, 0, 0, 1, 1, 0, 0, 1, 1, 0, 1, 0, 0, 0, 0, 1, 0, 0, 1, 1, 0, 0, 0, 0, 1, 0, 1, 1, 1, 1, 1, 0]
AUC ROC Score from testing : 0.5714285714285714

Fold elapse time : 0.05 minutes 


#### Summary ####
Average AUC score : 0.56921
Maximum AUC score : 0.803030303030303
Size of feature set which gives the highest AUC score from testing : 1
Feature set which gives the highest AUC score from testing : 
['212949_at']
Time Elapse : 2.18 minutes (0.04 hours)

Average AUC score over 3 epoch : 0.566978


Feature frequency :
1. 212949_at : 3
2. 221275_s_at : 1
3. 218308_at : 1
4. 202870_s_at : 1
5. 218726_at : 1
6. 205794_s_at : 1

Total elapse time : 7.85 minutes (0.13 hours) 
