The first dataset : GSE2034-22071 (edited).csv
The second dataset : GSE3494_GPL96.csv

#################################### Epoch : 1 ####################################

#### Fold 1 ####
Fold : 1
Feature Set : ['201369_s_at', '218252_at', '220382_s_at']
Actual Output : [0.9527615406606539, 0.9527512012354694, 0.9542391617555043, 0.9529573125383984, 0.9519402599636115, 0.9541013144682327, 0.9529971389184861, 0.9529174762903491, 0.9515555406861967, 0.9516944467606228, 0.9541942586981332, 0.9534437438515224, 0.9523638419543242, 0.9529884857989807, 0.9531005817955996, 0.9524700673886963, 0.9523420034871798, 0.9542621353338852, 0.9523137709773524, 0.9517958122645093, 0.9521242942914269, 0.9529749121934817, 0.9536019484681291, 0.9547924124662411, 0.9497760431233806, 0.9529426427317231, 0.9517722667295861, 0.9542921612145859, 0.9521353541004336, 0.9519298304956654, 0.9508531340693095, 0.9540099795721328, 0.9543593014441922, 0.9537790626999167, 0.9541547624302905, 0.9528909553845751, 0.9539936014113538, 0.9528587308192199, 0.9549053319404657, 0.9531638827277016, 0.953164355496838, 0.9499324417318791, 0.9525344807041988, 0.9535668310429573, 0.9535330368981231, 0.9528925784289668, 0.9516838223092822, 0.9527083807282473, 0.9528866882467348, 0.9530894851498619, 0.9542760742545572]
Desired Output : [0, 0, 0, 0, 0, 0, 1, 0, 0, 1, 0, 0, 0, 0, 0, 0, 1, 0, 1, 0, 0, 0, 1, 0, 0, 0, 0, 0, 0, 1, 0, 1, 0, 0, 0, 0, 1, 0, 0, 1, 0, 1, 0, 0, 1, 0, 1, 0, 0, 0, 0]
AUC ROC Score from testing : 0.40384615384615385

Fold elapse time : 0.03 minutes 


#### Fold 2 ####
Fold : 2
Feature Set : ['201369_s_at', '218252_at', '220382_s_at']
Actual Output : [0.9532418987371123, 0.9535590490422291, 0.94761088616404, 0.9555799287097795, 0.9566681550120518, 0.9570428298700073, 0.9562033603380546, 0.9563361901125738, 0.957179982482651, 0.9557150682210189, 0.9583952248432984, 0.9518616528389346, 0.9558354229534902, 0.9568704821544779, 0.9569116847370422, 0.9565787022904493, 0.9482895248232628, 0.9550474468110178, 0.9570249200725276, 0.9559762464505267, 0.9524044535756868, 0.954164575175932, 0.9527413217813516, 0.9552631104809188, 0.9527484198538925, 0.9562771341362782, 0.9567541507315961, 0.955287321686217, 0.9563663587799779, 0.9563201622877374, 0.9558627633336034, 0.9576094257083504, 0.9497571842937933, 0.958911794252849, 0.957827335632485, 0.9566600709832778, 0.9563146604024875, 0.9573606581435564, 0.9562612088116842, 0.9547979136304322, 0.9568664061919467, 0.9565463335000151, 0.9549054777984076, 0.9537387874900423, 0.9572516628117812, 0.9567185160428834, 0.9577146647120819, 0.9534776283989032, 0.9526483984631371, 0.9580046381143538, 0.9541711208902389]
Desired Output : [0, 1, 0, 0, 0, 0, 1, 1, 0, 1, 0, 0, 0, 0, 0, 0, 1, 0, 0, 0, 1, 0, 0, 0, 0, 0, 0, 1, 1, 0, 0, 0, 1, 0, 0, 0, 0, 0, 1, 1, 0, 0, 0, 0, 0, 0, 0, 0, 1, 0, 0]
AUC ROC Score from testing : 0.2478632478632479

Fold elapse time : 0.03 minutes 


#### Fold 3 ####
Fold : 3
Feature Set : ['201369_s_at', '218252_at', '220382_s_at']
Actual Output : [0.9578842929457101, 0.9556088616456712, 0.9562196732601196, 0.9581740254053532, 0.9557650289004731, 0.9564627133377339, 0.9583295498693023, 0.9582735473692624, 0.9576011247556698, 0.9573240722228789, 0.9588200271407152, 0.9583757639888013, 0.9579708156215554, 0.9559050697349334, 0.9578860476070442, 0.9563359153339004, 0.9577970831061036, 0.954918555521142, 0.9585811219662539, 0.9526710641077083, 0.9580956303456004, 0.9515945792318347, 0.9581650131031955, 0.9575228847321724, 0.9579854838332827, 0.9575937595187434, 0.9576422773121634, 0.9575195297501138, 0.9573585246703339, 0.958354250742858, 0.9570802113829525, 0.9563304718421556, 0.9586390547066692, 0.9577136760625246, 0.9583274225673283, 0.9553698865537189, 0.9561501248374279, 0.95792030115999, 0.9580629966456268, 0.9580749665797309, 0.9566444516378164, 0.9576728464276852, 0.9537634119576439, 0.9578219593422861, 0.9560294600096807, 0.9580230366357158, 0.958173298403167, 0.9584387285808309, 0.9577087745881429, 0.9575661217906428, 0.958014016582293]
Desired Output : [0, 0, 1, 0, 1, 0, 0, 0, 0, 0, 0, 0, 0, 1, 0, 0, 0, 0, 1, 0, 0, 0, 0, 0, 0, 0, 1, 0, 0, 0, 1, 0, 0, 1, 0, 0, 0, 0, 0, 0, 1, 0, 1, 0, 1, 1, 0, 0, 0, 1, 0]
AUC ROC Score from testing : 0.3162393162393162

Fold elapse time : 0.03 minutes 


#### Fold 4 ####
Fold : 4
Feature Set : ['201369_s_at', '218252_at', '220382_s_at']
Actual Output : [0.9539091310782833, 0.95179314605745, 0.953437426248184, 0.9533468943192881, 0.9523348036907983, 0.9495669998884256, 0.9545175894730409, 0.9524163415378188, 0.9515693841333842, 0.952543811894314, 0.9522833167327468, 0.9522776034685123, 0.9523491560484604, 0.954328566270293, 0.9541257940055742, 0.9536523077069509, 0.9521101192906111, 0.9524611530736489, 0.9532949468707904, 0.9529605235532611, 0.953285138071892, 0.9515374090198296, 0.9537549171394987, 0.9517224401035332, 0.9498436120841023, 0.9510851998328084, 0.9518720775470545, 0.9477824187100006, 0.9532234914153931, 0.9551694017284983, 0.9529677457111848, 0.9536344993540696, 0.9532699460637679, 0.9527938710455212, 0.9536891965862039, 0.9535616242415075, 0.952140478263564, 0.9558823604397239, 0.9535907737670738, 0.9521084251948414, 0.9528128595166787, 0.9545632732368776, 0.9533008977869509, 0.9512517015789715, 0.952233883735814, 0.9502274948508387, 0.9530530032997383, 0.9529773668921471, 0.9532384874903768, 0.9526037182502972, 0.9534849787328528]
Desired Output : [0, 1, 0, 0, 1, 0, 0, 1, 0, 0, 0, 0, 1, 0, 0, 0, 0, 0, 0, 0, 0, 1, 0, 1, 0, 0, 0, 0, 0, 0, 0, 0, 0, 1, 0, 0, 1, 0, 0, 0, 0, 0, 0, 0, 0, 1, 1, 0, 1, 0, 1]
AUC ROC Score from testing : 0.30982905982905984

Fold elapse time : 0.03 minutes 


#### Fold 5 ####
Fold : 5
Feature Set : ['201369_s_at', '218252_at', '220382_s_at']
Actual Output : [0.9510145595885261, 0.9501399409601089, 0.9488613984006091, 0.9489450974965822, 0.952362544414327, 0.9513267479382433, 0.950717157137778, 0.9515290849996558, 0.9492324691628817, 0.9513131309769152, 0.9512002987657708, 0.9521169319720144, 0.9516048564373076, 0.9517762287360643, 0.9477267476552392, 0.9523725534564588, 0.9504205277732624, 0.9538977567613157, 0.9492955623297687, 0.9506660821972768, 0.9497351864480852, 0.9512439633290211, 0.9510257289038051, 0.9503005232913357, 0.9522826846045238, 0.9523668470570881, 0.9521970737094533, 0.9497897713423701, 0.9509287621169195, 0.9510779453829139, 0.9504719278862555, 0.9511193718843028, 0.9521804013189655, 0.9531424690752984, 0.950573697789778, 0.9495921567693882, 0.9497902948768845, 0.9482468345798614, 0.9512338928272941, 0.9445967048388335, 0.951046700506029, 0.9518098274369411, 0.9520705223489853, 0.9511176070473368, 0.9488363597294874, 0.9493285258682537]
Desired Output : [1, 1, 0, 0, 0, 0, 0, 0, 0, 0, 0, 0, 0, 0, 0, 0, 0, 0, 0, 0, 0, 1, 0, 1, 0, 0, 0, 0, 1, 0, 0, 0, 0, 0, 0, 1, 1, 0, 0, 0, 0, 1, 0, 1, 1, 0]
AUC ROC Score from testing : 0.37777777777777777

Fold elapse time : 0.03 minutes 


#### Summary ####
Average AUC score : 0.331111
Maximum AUC score : 0.40384615384615385
Size of feature set which gives the highest AUC score from testing : 3
Feature set which gives the highest AUC score from testing : 
['201369_s_at', '218252_at', '220382_s_at']
Time Elapse : 0.87 minutes (0.01 hours)

#################################### Epoch : 2 ####################################

#### Fold 1 ####
Fold : 1
Feature Set : ['208656_s_at', '201076_at', '207040_s_at', '220382_s_at']
Actual Output : [0.9958658701970099, 0.9957443477088851, 0.9956290530101598, 0.995781659902216, 0.995652865274956, 0.9957747030511669, 0.995642486496528, 0.9957344629109829, 0.995672481614362, 0.9957023954984142, 0.995705205985344, 0.9956780236597006, 0.9957615805731944, 0.9957772474274361, 0.9956218119832222, 0.9957092411010102, 0.9956561673725317, 0.9957177427278466, 0.9957278561719777, 0.9956601968389988, 0.9956116807067962, 0.9956387488482387, 0.9956695636210885, 0.9955896777579605, 0.9956829924085714, 0.995677274560364, 0.9958129305031066, 0.9956275589909324, 0.9956745390001334, 0.995678880720102, 0.9955808697897999, 0.9957055437621879, 0.9956797585810027, 0.9956548227188651, 0.9955620127810825, 0.9957041376157421, 0.9957779195335216, 0.9958188506019777, 0.9957027646391767, 0.9958576800685273, 0.9956222559382377, 0.9956692026506726, 0.9956824162364921, 0.9956183964945865, 0.9957608717682035, 0.9956486719242554, 0.9957411175341324, 0.9957133786408713, 0.9956310365495838, 0.9957380085433767, 0.9956108901912498]
Desired Output : [0, 1, 0, 0, 0, 0, 0, 1, 0, 0, 1, 0, 0, 0, 0, 0, 0, 0, 0, 0, 0, 0, 0, 0, 0, 0, 0, 0, 0, 0, 0, 1, 1, 0, 1, 0, 0, 1, 1, 0, 0, 0, 0, 0, 0, 1, 1, 0, 0, 1, 1]
AUC ROC Score from testing : 0.5747863247863247

Fold elapse time : 0.03 minutes 


#### Fold 2 ####
Fold : 2
Feature Set : ['208656_s_at', '201076_at', '207040_s_at', '220382_s_at']
Actual Output : [0.9959699173707612, 0.9958085276484299, 0.9960764990536648, 0.9959079602774661, 0.995783041901637, 0.9958166529713692, 0.9958219789836099, 0.9961197031099707, 0.9953649601766023, 0.9961354939820811, 0.9962952964794862, 0.9959092835565222, 0.9958246319243279, 0.9958121853660943, 0.9961044544288764, 0.9958619055223037, 0.9959991464830952, 0.9958038034008113, 0.995887477853599, 0.9957012107943761, 0.995892146003901, 0.9957716439907991, 0.9959899575322293, 0.9959802208505252, 0.9955322943305237, 0.9957384907740718, 0.9956895069434778, 0.9955833904852456, 0.9958063239975544, 0.9960013103390967, 0.995961757154963, 0.9958858528536499, 0.9961469407068774, 0.9956937655169655, 0.995796387559711, 0.9957900334345303, 0.9961789377693255, 0.9959501735017523, 0.9960907872151497, 0.9959743177147459, 0.9954835649976299, 0.9960406062313247, 0.9957146687172227, 0.9955524349451181, 0.9958552686583608, 0.9962000294976054, 0.9959750148819013, 0.995824549342753, 0.9959705743255604, 0.9958254948815083, 0.9959087948849785]
Desired Output : [1, 1, 0, 0, 0, 0, 1, 1, 1, 0, 1, 0, 0, 0, 0, 0, 1, 0, 1, 0, 1, 0, 0, 0, 0, 0, 0, 1, 0, 0, 0, 0, 0, 0, 0, 0, 0, 0, 0, 0, 0, 0, 0, 1, 1, 0, 0, 0, 0, 0, 0]
AUC ROC Score from testing : 0.46794871794871795

Fold elapse time : 0.03 minutes 


#### Fold 3 ####
Fold : 3
Feature Set : ['208656_s_at', '201076_at', '207040_s_at', '220382_s_at']
Actual Output : [0.9961202287339547, 0.9960626875509161, 0.9962259586143934, 0.9961804607819301, 0.996219340026854, 0.9961769829755258, 0.9960138477073517, 0.9961010135593134, 0.9960928314062342, 0.9962575617414613, 0.9961471514933522, 0.9961457626898622, 0.9960817565590545, 0.9962150408831192, 0.9961353616454344, 0.9962055130622893, 0.9962731285132349, 0.996178516558994, 0.996256607702018, 0.9961772680410583, 0.9963975587262011, 0.9961568815264846, 0.9961395491374359, 0.996085761773353, 0.996154318091214, 0.9960340206620495, 0.9961899142523077, 0.9962252400178535, 0.9961153522907641, 0.9961483491254707, 0.9962040984498282, 0.9961193000825819, 0.9961176769143083, 0.9961096127137433, 0.996198319007128, 0.9961476263355873, 0.9962561972525897, 0.9962791800023584, 0.9962846209500809, 0.9962189775403832, 0.9963484311390114, 0.9961347441116776, 0.9961675558768271, 0.996175800978012, 0.9962840297406821, 0.996197483447345, 0.9960693290853859, 0.9962504591090616, 0.9961202041066392, 0.9961580371323502, 0.9962586395455058]
Desired Output : [0, 1, 0, 0, 0, 0, 0, 0, 0, 0, 0, 0, 0, 0, 1, 0, 0, 0, 0, 0, 0, 0, 0, 0, 0, 0, 1, 0, 0, 1, 1, 0, 0, 0, 0, 0, 1, 0, 1, 1, 1, 0, 0, 0, 0, 1, 1, 1, 0, 0, 0]
AUC ROC Score from testing : 0.6025641025641026

Fold elapse time : 0.03 minutes 


#### Fold 4 ####
Fold : 4
Feature Set : ['208656_s_at', '201076_at', '207040_s_at', '220382_s_at']
Actual Output : [0.9967851237837946, 0.996718077535868, 0.996757192207031, 0.9967807017656387, 0.9965713339522964, 0.9968376384215016, 0.9965240018040807, 0.996705423368912, 0.9968590989806776, 0.9968061627101988, 0.9968549560051447, 0.9966965432781797, 0.9967209249327386, 0.9968608501135268, 0.9968653772772678, 0.996710293222213, 0.9967224725384035, 0.9966857062991576, 0.9968611405698932, 0.996824689525469, 0.9968507303591446, 0.9968193054026291, 0.9968677290939507, 0.9967558070944708, 0.9968404977332376, 0.996828018679808, 0.996715352179067, 0.9967103477155906, 0.9968943028184359, 0.9966628603272872, 0.9967369987751028, 0.9967201152538486, 0.9969355015216549, 0.9965529351615362, 0.9966036419189537, 0.9968077139541096, 0.9967795140951305, 0.9966555414874955, 0.9966601919477568, 0.9965378440252898, 0.9967763284302493, 0.9968004592972658, 0.996695858838721, 0.9967049750940593, 0.9967592853651135, 0.9967984362909198, 0.997023018006944, 0.9966915240543532, 0.996834536355141, 0.9969536874556412, 0.9968773147413427]
Desired Output : [1, 0, 0, 0, 1, 0, 0, 0, 0, 1, 1, 0, 0, 0, 0, 0, 1, 0, 1, 0, 0, 0, 0, 0, 0, 0, 0, 0, 0, 1, 1, 0, 0, 0, 0, 0, 0, 0, 1, 0, 0, 0, 1, 1, 0, 0, 1, 0, 0, 0, 0]
AUC ROC Score from testing : 0.43803418803418803

Fold elapse time : 0.03 minutes 


#### Fold 5 ####
Fold : 5
Feature Set : ['208656_s_at', '201076_at', '207040_s_at', '220382_s_at']
Actual Output : [0.9954825237651055, 0.995608565095617, 0.9954542241489096, 0.9956726293809688, 0.9954625720808741, 0.9953467912227433, 0.9957618096972712, 0.9953406127889692, 0.9955532319687537, 0.9954633267016257, 0.9958440097964036, 0.9956746667872199, 0.9955319897618431, 0.99525584153391, 0.9955271556356903, 0.9955001562895921, 0.9954572396947308, 0.9954665033928574, 0.9952840936990409, 0.9957819933121209, 0.9956464953692202, 0.9954732581515274, 0.9958000378625151, 0.9959759807085805, 0.9956087616390921, 0.9957470680858684, 0.9954317506189827, 0.9953329602849499, 0.9956777139398194, 0.995574408423063, 0.9959151465399758, 0.9956502749379643, 0.9957856506927667, 0.9958360965998327, 0.995558696871466, 0.9959155856751939, 0.9958431200375549, 0.99555570408483, 0.9958420628508619, 0.9957628607298721, 0.9954890653272914, 0.9956471182363934, 0.995448388600341, 0.9952631600415649, 0.9956528521882999, 0.9957466115877953]
Desired Output : [0, 0, 0, 0, 0, 0, 0, 0, 0, 0, 0, 0, 1, 0, 0, 0, 1, 1, 0, 0, 1, 0, 0, 0, 0, 0, 0, 0, 1, 0, 0, 0, 0, 0, 0, 0, 0, 1, 1, 0, 1, 0, 0, 1, 0, 1]
AUC ROC Score from testing : 0.4388888888888889

Fold elapse time : 0.03 minutes 


#### Summary ####
Average AUC score : 0.504444
Maximum AUC score : 0.6025641025641026
Size of feature set which gives the highest AUC score from testing : 4
Feature set which gives the highest AUC score from testing : 
['208656_s_at', '201076_at', '207040_s_at', '220382_s_at']
Time Elapse : 0.87 minutes (0.01 hours)

Average AUC score over 2 epoch : 0.417778
Total elapse time : 3.23 minutes (0.05 hours) 
