Dataset : GSE2034-22071 (edited).csv
Number of epochs : 2
Number of folds : 5
Number of top-ranked features : 10

#################################### Epoch : 1 ####################################
Fold : 1
Feature Set : ['209862_s_at', '200937_s_at', '219717_at', '221651_x_at', '209374_s_at', '215211_at', '204552_at']
Actual Output : [0.6982875499290507, 0.7249611483857012, 0.6974273222766054, 0.6296187291198542, 0.6932661985565927, 0.6313410610960367, 0.6278896386539345, 0.7361758062170223, 0.6584075600703303, 0.6353733328417356, 0.7228194903885798, 0.7110322418797056, 0.6334702398537035, 0.7220636277805904, 0.21988844629306045, 0.6643232500291257, 0.6334997775590849, 0.601317106324834, 0.6505438740711181, 0.6626364954501033, 0.6740502653085161, 0.6492381398397374, 0.6856045875651582, 0.6345964066780043, 0.710893372519085, 0.6184153005074671, 0.5531702812711962, 0.6871047673387374, 0.7095356020735564, 0.5691185440020946, 0.7099796328851637, 0.6812859070901641, 0.691338919104199, 0.6274013745583849, 0.6546866328564896, 0.6503842798566234, 0.5498818575815932, 0.6869732216892259, 0.6016179988957303, 0.6220677333020666, 0.7084182335785606, 0.6539478109660098, 0.6886003454414824, 0.7228493356511132, 0.6157739491831311, 0.6863785056730489, 0.6825037023177916, 0.5887055961434126, 0.4018639856166616, 0.739306110528219, 0.6285639212531132, 0.6460106163799809, 0.7175125648355962, 0.6974157969884602, 0.51148592318442, 0.6971412488954017, 0.7125482248595685, 0.7043606064750424]
Desired Output : [0, 1, 0, 0, 1, 0, 1, 0, 0, 0, 0, 0, 0, 0, 0, 1, 1, 0, 0, 0, 0, 0, 0, 0, 0, 0, 0, 0, 1, 1, 1, 0, 1, 0, 1, 1, 0, 1, 0, 0, 1, 0, 0, 1, 1, 0, 0, 0, 1, 0, 1, 1, 1, 1, 1, 0, 1, 0]
AUC ROC Score from testing : 0.5441919191919191

Fold : 2
Feature Set : ['206943_at', '218252_at']
Actual Output : [0.021744382710269766, 0.4267449885130285, 0.15954831094961647, 0.35690177876188395, 0.4800046651912059, 0.4222924496363837, 0.2522082740309201, 0.24170638740347333, 0.40567021624379784, 0.4464448115652292, 0.35491942013244626, 0.4476712135339577, 0.2395376986382298, 0.38075261433331326, 0.24681705124190245, -0.382025216318211, 0.2550507246474014, 0.1601742655115092, -0.29185796624635996, -0.43866998670758944, -0.23660098172766025, 0.29188621927656483, 0.3152868783029238, 0.3198200414982382, 0.3540294890254882, 0.36477158691470807, 0.25665643677996247, 0.4567702419141095, 0.2509772498878917, -0.4514033038021753, 0.2679107459282417, 0.38945146916511675, 0.12531393394071344, 0.4158775242014867, 0.20904304395226814, 0.39400143821210354, 0.2110525270966236, 0.33320860224919324, 0.31557393741385587, 0.3488032881528377, 0.3414513839049701, 0.2538376263705306, -0.22632528038039773, 0.36804167515661146, 0.45405541595597426, 0.39166287041387016, 0.34314356003752006, 0.34903445851459863, 0.17236074441596042, 0.43985320862879546, -0.17474404746389927, 0.31091955644701996, 0.4633545880823054, 0.18619444508184405, 0.4013865943425658, 0.35928776706071475, 0.4377432213615399, 0.324229052278681]
Desired Output : [0, 0, 0, 0, 1, 1, 0, 0, 1, 0, 0, 0, 0, 0, 0, 1, 0, 0, 0, 0, 0, 0, 0, 1, 0, 1, 1, 0, 1, 0, 1, 0, 1, 0, 1, 1, 1, 0, 0, 0, 0, 0, 1, 1, 1, 0, 0, 1, 0, 1, 0, 1, 1, 0, 0, 1, 1, 0]
AUC ROC Score from testing : 0.6111111111111112

Fold : 3
Feature Set : ['211779_x_at', '217485_x_at', '218604_at', '211876_x_at', '201368_at', '209276_s_at', '220382_s_at']
Actual Output : [0.6713572283660415, 0.6455198318301182, 0.6751601144076981, 0.7141173042540062, 0.699340403634661, 0.6401858022913958, 0.727314006098319, 0.7869348293672557, 0.7052499576819299, 0.649177446885082, 0.7631426264916455, 0.7577934042691382, 0.7741411085563258, 0.6045167800951449, 0.7336699489448312, 0.5774676462207083, 0.6794705744098035, 0.6470855537368554, 0.7957953562084705, 0.7848361922866622, 0.7447447653561021, 0.6048985744890569, 0.6309250887647356, 0.7451864579150868, 0.6841762221350223, 0.692348418594224, 0.6560232184731486, 0.697703588414208, 0.7223846863727684, 0.7642843020079484, 0.6523993090999006, 0.6712271319270907, 0.668697362602555, 0.7390860695738208, 0.7814520225249392, 0.701374333385604, 0.7248401417120841, 0.7899728533379535, 0.5079081553062614, 0.6736203692351991, 0.681576588829058, 0.7094676787397197, 0.7341502162683701, 0.7617519371219705, 0.7740648068713835, 0.443103004328044, 0.7319790093462761, 0.6680424194417678, 0.66976417400426, 0.7315549883408472, 0.6523454736883992, 0.698388544368742, 0.7276045106106742, 0.6631091091459056, 0.7050736212355253, 0.5551809044181317, 0.63638329145623, 0.6268075138308258]
Desired Output : [1, 0, 0, 1, 1, 0, 0, 0, 0, 0, 0, 0, 0, 0, 0, 1, 1, 1, 1, 1, 0, 0, 0, 0, 0, 0, 0, 0, 0, 1, 1, 0, 0, 0, 1, 0, 1, 0, 1, 0, 0, 0, 1, 0, 0, 1, 1, 0, 1, 1, 1, 1, 1, 0, 1, 0, 0, 0]
AUC ROC Score from testing : 0.523989898989899

Fold : 4
Feature Set : ['207505_at', '214920_at']
Actual Output : [0.4828345516515519, -0.15262990543134264, 0.47855563484246627, 0.4624036911576553, 0.5320875184545665, 0.5078055739008022, 0.5130999849848085, 0.41599389275976895, -0.8417386813063421, 0.2497197141744575, 0.5109871538340531, 0.5640008184557896, -0.21342260651406314, 0.48602469818437655, 0.468525299574744, 0.5814232432166946, 0.24488930715701204, 0.35401882507005333, 0.5081167944845978, 0.40718729500183, 0.23621954988267724, 0.46907000653073844, 0.3899443690664013, 0.528423510511325, 0.22023617689868097, 0.35478727765118584, 0.441360434740448, -0.8724049498764005, 0.3842763765507208, -0.055939628389834586, 0.4135479104575156, 0.4509322799869163, 0.20138335183637662, 0.4137372399910484, 0.49756303053042017, 0.24079580556957603, 0.37429632182804906, 0.3570759622499204, 0.3669545669821338, 0.510479097510474, -0.38140770891308096, 0.3871309870040131, 0.520944119035044, 0.21755477448639243, 0.4598287317067549, 0.482586253158778, 0.3788949161067948, 0.46632704579218137, 0.551111589327196, 0.5472450993632177, 0.5049717929468485, -0.7907305628563597, 0.3786674838962386, 0.4942790880886782, 0.2801624593312714, 0.32727947964012205, 0.36863570182771926, 0.218898697982861]
Desired Output : [0, 0, 0, 1, 0, 0, 0, 0, 0, 0, 0, 0, 0, 0, 0, 1, 0, 0, 0, 0, 0, 0, 0, 0, 0, 1, 1, 1, 1, 1, 0, 0, 1, 1, 0, 1, 1, 0, 0, 0, 0, 1, 1, 1, 1, 1, 1, 1, 1, 0, 0, 0, 1, 0, 1, 0, 0, 1]
AUC ROC Score from testing : 0.4217171717171717

Fold : 5
Feature Set : ['211451_s_at', '213466_at', '201076_at', '211004_s_at', '202324_s_at', '206844_at']
Actual Output : [0.8081451496343284, 0.8163867663443916, 0.840583776624862, 0.6434469637154763, 0.7662316196134479, 0.8885289986362155, 0.8346243390192989, 0.8108484556087218, 0.7555892696089881, 0.7405392278909797, 0.8257318586779964, 0.7815035661009473, 0.8439834837174957, 0.9149744981968103, 0.8387104973989419, 0.754200799604388, 0.7986258778134245, 0.7974044946886092, 0.8007946307996565, 0.8853134844580661, 0.8184957302094554, 0.9086622059948072, 0.7629663711356603, 0.8381323539340106, 0.8386651799232835, 0.7072722782526238, 0.8088294284724027, 0.6805317429706041, 0.733119984832444, 0.7328626358646353, 0.9091331154458414, 0.7178421101539043, 0.7806876862076468, 0.7287257836430137, 0.8527791330347436, 0.8744137820473831, 0.8016074738203138, 0.8289023773202779, 0.9162761324039876, 0.7738563413546055, 0.8771787886572433, 0.5413804340416802, 0.6557701454864283, 0.7894565668667182, 0.8306391454392623, 0.8074648386408992, 0.8115743148549499, 0.8994010014094667, 0.8509600146033304, 0.7310907992440494, 0.8488995539903132, 0.8667369072469762, 0.8073446417252302, 0.8727623227587716]
Desired Output : [0, 0, 0, 1, 0, 0, 0, 0, 0, 1, 0, 0, 0, 0, 1, 0, 1, 0, 1, 1, 0, 1, 0, 1, 0, 0, 0, 0, 0, 1, 0, 0, 0, 0, 1, 0, 0, 1, 1, 0, 1, 0, 0, 0, 1, 1, 1, 1, 0, 1, 0, 0, 1, 0]
AUC ROC Score from testing : 0.5939849624060151


#### Summary ####
Average AUC score : 0.538999
AUC score from feature selection in each fold : [0.6776989755713161, 0.6005747126436781, 0.6968390804597702, 0.6154452324665091, 0.6902777777777779]
Size of feature set which gives the highest AUC score from testing : 7
Feature set which gives the highest AUC score from testing : 
['209862_s_at', '200937_s_at', '219717_at', '221651_x_at', '209374_s_at', '215211_at', '204552_at']
Time Elapse : 3.5 minutes (0.06 hours)
#################################### Epoch : 2 ####################################
Fold : 1
Feature Set : ['220743_at', '205812_s_at', '209846_s_at', '217816_s_at', '222077_s_at']
Actual Output : [0.4933224228286418, 0.3523986514932994, 0.3425459515333769, 0.12483292527258714, 0.016159295582285793, 0.19988404548242342, -0.1997562690891059, 0.1348103160749725, 0.23437707239076008, 0.2829014798164628, 0.30315177051831915, 0.4421858520983653, 0.38079174211708844, 0.45039378127491836, 0.10107892215078337, -0.26525743814893943, 0.2851480219899972, 0.467681989316024, -0.30249030275445865, 0.3675706426739052, 0.39427637274514077, -0.26765084256359445, 0.37456823598669875, 0.2944613488329695, 0.3787075623545383, -0.22526325583948353, 0.3577108481407765, 0.32387944565297483, 0.2984790423286523, 0.3212293015803422, 0.4246271820259351, 0.38927404828659296, -0.2640653047203141, 0.4597561471562296, 0.07371210642610954, 0.35744273384482794, 0.16858834633295577, 0.4465368453102616, 0.2330735900205994, 0.024806679035621698, 0.14892606470384748, 0.2049720620878608, 0.3823923708308429, -0.41796315341162804, -0.20494985484645778, 0.5222317489346495, 0.10328341883903941, -0.196669557251291, 0.018487795906467985, 0.341067319797948, 0.1059064271508877, 0.2753629542155906, 0.34761856088498866, 0.42211462146042766, 0.29075098574093144, 0.42814148945915664, -0.07958659337245637, 0.41380955437105604]
Desired Output : [0, 1, 0, 0, 1, 0, 1, 0, 0, 0, 0, 0, 0, 0, 0, 1, 1, 0, 0, 0, 0, 0, 0, 0, 0, 0, 0, 0, 1, 1, 1, 0, 1, 0, 1, 1, 0, 1, 0, 0, 1, 0, 0, 1, 1, 0, 0, 0, 1, 0, 1, 1, 1, 1, 1, 0, 1, 0]
AUC ROC Score from testing : 0.33964646464646464

Fold : 2
Feature Set : ['220743_at', '221432_s_at', '209846_s_at', '222077_s_at']
Actual Output : [0.22274675636878327, 0.18104672286716617, 0.3209244997934336, 0.45164808808129675, 0.36637810267049636, 0.12298282434953965, 0.24402744907933735, 0.3356585337143031, 0.09237099145800787, 0.4829877207802645, 0.30694375544177604, 0.31310049524494626, 0.14467238514824582, 0.4521679027946074, 0.10928376921201284, 0.16993008389608774, 0.10810988760200288, -0.013990451616333463, 0.2666424418910423, 0.33605257373549496, 0.2120135648252242, -0.08080506048905953, 0.16962229511849455, 0.18425280896846888, 0.023795703844215945, 0.0960838370414401, 0.09070477686509433, 0.3249124721465537, 0.32728674961651194, 0.27032832628898656, 0.30741333493437584, -0.299950894481002, 0.23890912365689113, 0.3449732976324036, -0.24640107687728097, 0.21021490062221337, 0.045054901619654114, 0.2612793549554602, -0.17153125824070292, 0.29409569598116514, 0.2616817781873799, 0.1077174576184204, 0.34509705042504357, 0.3034602914261677, 0.32049138359224877, 0.31947631464691784, 0.29859407329757365, -0.004694277296933083, 0.14296211116528498, 0.3857096513760974, 0.3052108538836679, -0.07163860932422413, 0.39741718563402934, 0.1566530330611808, 0.4120243034230016, 0.472856915561912, 0.3698645483745112, 0.23342839138455806]
Desired Output : [0, 0, 0, 0, 1, 1, 0, 0, 1, 0, 0, 0, 0, 0, 0, 1, 0, 0, 0, 0, 0, 0, 0, 1, 0, 1, 1, 0, 1, 0, 1, 0, 1, 0, 1, 1, 1, 0, 0, 0, 0, 0, 1, 1, 1, 0, 0, 1, 0, 1, 0, 1, 1, 0, 0, 1, 1, 0]
AUC ROC Score from testing : 0.49116161616161613

Fold : 3
Feature Set : ['211779_x_at', '217485_x_at', '218604_at', '211876_x_at', '201368_at', '209276_s_at', '220382_s_at']
Actual Output : [0.6713572283660415, 0.6455198318301182, 0.6751601144076981, 0.7141173042540062, 0.699340403634661, 0.6401858022913958, 0.727314006098319, 0.7869348293672557, 0.7052499576819299, 0.649177446885082, 0.7631426264916455, 0.7577934042691382, 0.7741411085563258, 0.6045167800951449, 0.7336699489448312, 0.5774676462207083, 0.6794705744098035, 0.6470855537368554, 0.7957953562084705, 0.7848361922866622, 0.7447447653561021, 0.6048985744890569, 0.6309250887647356, 0.7451864579150868, 0.6841762221350223, 0.692348418594224, 0.6560232184731486, 0.697703588414208, 0.7223846863727684, 0.7642843020079484, 0.6523993090999006, 0.6712271319270907, 0.668697362602555, 0.7390860695738208, 0.7814520225249392, 0.701374333385604, 0.7248401417120841, 0.7899728533379535, 0.5079081553062614, 0.6736203692351991, 0.681576588829058, 0.7094676787397197, 0.7341502162683701, 0.7617519371219705, 0.7740648068713835, 0.443103004328044, 0.7319790093462761, 0.6680424194417678, 0.66976417400426, 0.7315549883408472, 0.6523454736883992, 0.698388544368742, 0.7276045106106742, 0.6631091091459056, 0.7050736212355253, 0.5551809044181317, 0.63638329145623, 0.6268075138308258]
Desired Output : [1, 0, 0, 1, 1, 0, 0, 0, 0, 0, 0, 0, 0, 0, 0, 1, 1, 1, 1, 1, 0, 0, 0, 0, 0, 0, 0, 0, 0, 1, 1, 0, 0, 0, 1, 0, 1, 0, 1, 0, 0, 0, 1, 0, 0, 1, 1, 0, 1, 1, 1, 1, 1, 0, 1, 0, 0, 0]
AUC ROC Score from testing : 0.523989898989899

Fold : 4
Feature Set : ['211779_x_at', '209716_at', '212705_x_at']
Actual Output : [0.7739680499338861, 0.6441621753436012, 0.7087836737689382, 0.6739845279359574, 0.7523790602718494, 0.7336511275077628, 0.6926339046660706, 0.7009854349721182, 0.7218047847415348, 0.68578670524584, 0.7292663207275322, 0.6401542220870143, 0.6962317590280884, 0.7940319338658536, 0.6521543863505339, 0.6867248192104577, 0.7035220271170036, 0.6857342910367761, 0.7216614700010276, 0.7180496553159222, 0.7721578461359636, 0.722680258343285, 0.6147609988419406, 0.6574303022803751, 0.7576059525930263, 0.7389151762585976, 0.5985264886682778, 0.7236842229665875, 0.7412323196564023, 0.7618632947063949, 0.6045836488698214, 0.731951720758192, 0.7673108501069157, 0.6917423072179734, 0.7432585769685515, 0.725052876102017, 0.6040582637917657, 0.6798824537202931, 0.007336917604122413, 0.692083849643562, 0.7567310626924457, 0.6751711197793545, 0.6568388580894844, 0.6078739354707474, 0.5038820446022512, -5.742648575673831, 0.7413381384857772, 0.6735256330417259, 0.603190435538369, 0.5530785253573026, 0.6530198180197745, 0.5677918106478271, 0.6022023172861607, 0.7265795421069434, 0.627312176344891, 0.6733053631683993, 0.6436792503771256, 0.6837547593034814]
Desired Output : [0, 0, 0, 1, 0, 0, 0, 0, 0, 0, 0, 0, 0, 0, 0, 1, 0, 0, 0, 0, 0, 0, 0, 0, 0, 1, 1, 1, 1, 1, 0, 0, 1, 1, 0, 1, 1, 0, 0, 0, 0, 1, 1, 1, 1, 1, 1, 1, 1, 0, 0, 0, 1, 0, 1, 0, 0, 1]
AUC ROC Score from testing : 0.39646464646464646

Fold : 5
Feature Set : ['209862_s_at', '221651_x_at', '214677_x_at']
Actual Output : [0.5215738211761446, 0.6408832810713444, 0.7109649933668316, 0.3702679469273609, 0.5661984626986127, 0.595427999328625, 0.6522705846258642, 0.5965528820234185, 0.5474291119594665, 0.6862463526896015, 0.3768016706444647, 0.2827220000307597, 0.646397682112616, 0.477612659897405, 0.6032609542854445, 0.5346638312830689, 0.5853251759359409, 0.6429439989226693, 0.4943697953165463, 0.6830318322391712, 0.3276689271924194, 0.5835972055009444, 0.6525971448559633, 0.32650971339973744, 0.5516533377078529, 0.4680241520841341, 0.5979589381888817, 0.5817963847385913, 0.5710967871051269, 0.5265252523296136, 0.5767378075144078, 0.6239739349652166, 0.5344984388903543, 0.5294197384107001, 0.4923814663686661, 0.5072395245742841, 0.6406408733984982, 0.5658433137256534, 0.5455520836926637, 0.4463775475423224, 0.6472445263167782, 0.43746061275226056, 0.5099772270965716, 0.6296062260746801, 0.5572311842042542, 0.6763118857820934, 0.25844277665074455, 0.631919608544356, 0.554010132775554, 0.57560868167421, 0.5181409817485387, 0.55975596906715, 0.45930275011856725, 0.5033237576128374]
Desired Output : [0, 0, 0, 1, 0, 0, 0, 0, 0, 1, 0, 0, 0, 0, 1, 0, 1, 0, 1, 1, 0, 1, 0, 1, 0, 0, 0, 0, 0, 1, 0, 0, 0, 0, 1, 0, 0, 1, 1, 0, 1, 0, 0, 0, 1, 1, 1, 1, 0, 1, 0, 0, 1, 0]
AUC ROC Score from testing : 0.512781954887218


#### Summary ####
Average AUC score : 0.452809
AUC score from feature selection in each fold : [0.6839080459770115, 0.6875, 0.6968390804597702, 0.617816091954023, 0.6124999999999999]
Size of feature set which gives the highest AUC score from testing : 5
Feature set which gives the highest AUC score from testing : 
['220743_at', '205812_s_at', '209846_s_at', '217816_s_at', '222077_s_at']
Time Elapse : 3.52 minutes (0.06 hours)

Average AUC score over 2 epoch : 0.495904

Feature frequency :1211779_x_at : 3
2209862_s_at : 2
3221651_x_at : 2
4217485_x_at : 2
5218604_at : 2
6211876_x_at : 2
7201368_at : 2
8209276_s_at : 2
9220382_s_at : 2
10220743_at : 2

Total Time Elapse : 7.68 minutes (0.13 hours)
