#################################### Epoch : 1 ####################################

#### Fold 1 ####
Fold : 1
Feature Set : ['209831_x_at', '201368_at', '214459_x_at']
Actual Output : [-0.009264013862393476, -0.009111920615725033, -0.00922146548708826, -0.00917094744344806, -0.009248837082812706, -0.009122804845290482, -0.00929825275481922, -0.009258362600906952, -0.009343713646461721, -0.009206042208778423, -0.009440342409530815, -0.00932947305740262, -0.009236508431626298, -0.00919260863296084, -0.009433757613218883, -0.009244407788879076, -0.009307707793742345, -0.009253406621705186, -0.009239490373016185, -0.009168364744019143, -0.009238249700959373, -0.009226881361929649, -0.009229829310118922, -0.009137279408593418, -0.009216116671391498, -0.009221296431344386, -0.009077632415648186, -0.009256477466358328, -0.009152100304448832, -0.009135821432932177, -0.009285547929481433, -0.009155668431891993, -0.009269379125032026, -0.009163804712932244, -0.00900214304639909, -0.009230742889027721, -0.009249842189301126, -0.009248564858099337, -0.009227916687931893, -0.009196793023608301, -0.009310455538508795, -0.00936551756053041, -0.009223656678822594, -0.00918596999961465, -0.00906886031963917, -0.009178292923093375, -0.00923058819061911, -0.00907088652868411, -0.009242497699513887, -0.009144242872961611, -0.009195630540181706]
Desired Output : [0, 1, 0, 0, 1, 0, 1, 0, 0, 0, 0, 0, 0, 0, 0, 0, 1, 0, 0, 0, 0, 0, 0, 0, 0, 0, 0, 0, 0, 0, 1, 0, 0, 0, 0, 0, 0, 0, 0, 1, 0, 0, 1, 1, 0, 1, 0, 1, 1, 0, 1]
AUC ROC Score from testing : 0.5235042735042735

fold elapse time : 0.03 minutes 


#### Fold 2 ####
Fold : 2
Feature Set : ['209831_x_at', '201368_at', '214459_x_at']
Actual Output : [-0.009242156469053296, -0.009224716816799214, -0.00918089014769977, -0.009054806611661732, -0.009187841729177982, -0.009270243621735787, -0.009167647027919716, -0.009286503759819091, -0.009382787771370856, -0.00903705724558011, -0.00902050894386906, -0.00935014175269899, -0.009310633816618645, -0.009286038297263571, -0.009245091374237045, -0.009382479717926877, -0.009327248794759128, -0.009292479064701051, -0.009220129793157646, -0.009114157582851015, -0.009177166109962729, -0.009166194713063262, -0.009252048558528457, -0.009172012837731504, -0.009258163262529038, -0.009341200471989797, -0.009346204929322295, -0.00934154182408343, -0.009148217555715805, -0.009284330886068544, -0.00907637465610282, -0.009089596450731574, -0.009281682904731697, -0.009250169097425567, -0.009241589846511172, -0.00922093587975109, -0.009105990775790275, -0.009340067880939322, -0.009305134220817128, -0.009184258906661627, -0.009337319054568052, -0.009171043045693862, -0.009014619426319297, -0.009244292992779797, -0.009068581553979141, -0.009316108673022934, -0.00926331541230824, -0.009212242314883464, -0.009139892415927707, -0.009107786253712693, -0.009190032800756394]
Desired Output : [0, 0, 1, 0, 0, 0, 0, 0, 1, 0, 0, 0, 0, 0, 0, 0, 0, 0, 0, 1, 0, 1, 0, 1, 0, 0, 0, 0, 1, 0, 1, 0, 0, 0, 0, 0, 0, 1, 0, 0, 0, 0, 0, 1, 0, 0, 1, 0, 0, 1, 1]
AUC ROC Score from testing : 0.6068376068376069

fold elapse time : 0.03 minutes 


#### Fold 3 ####
Fold : 3
Feature Set : ['209831_x_at', '201368_at', '214459_x_at']
Actual Output : [-0.009332258839244123, -0.009220524067935344, -0.0089145893378418, -0.009295157842803829, -0.009230190893948052, -0.009324925195182165, -0.009192511872721064, -0.00937995232640011, -0.009306345612210729, -0.009033672196064112, -0.00923293608392568, -0.009265599660411851, -0.009223896002939663, -0.00940175058037138, -0.009254629953837443, -0.00916084334799906, -0.009076686262358297, -0.009348158294822339, -0.009364814165137335, -0.009145504323574433, -0.0091925447961295, -0.009167661447104156, -0.00902711159743213, -0.00925227171268899, -0.009225030940516033, -0.00921584229728853, -0.009107419940118164, -0.009165032899808648, -0.009302079391027914, -0.009460901486546077, -0.00919359522509098, -0.009205489973892632, -0.009109471486829567, -0.009201287229435268, -0.009291325161715045, -0.009191171414316461, -0.009426868292802445, -0.009186398170390301, -0.009258226894839704, -0.009269626497972812, -0.009121114002249436, -0.009270103201962773, -0.00923782743655961, -0.009254726632136154, -0.009245519416413842, -0.009272402062802427, -0.009088890929422761, -0.009151730769237813, -0.009130114378043097, -0.009119371045582766, -0.009146292317972343]
Desired Output : [1, 0, 0, 1, 0, 1, 0, 0, 0, 1, 0, 0, 0, 0, 0, 0, 0, 0, 0, 0, 0, 1, 0, 0, 0, 1, 0, 0, 0, 0, 0, 0, 1, 1, 0, 1, 1, 0, 0, 0, 0, 0, 0, 0, 1, 1, 0, 0, 0, 0, 0]
AUC ROC Score from testing : 0.44017094017094016

fold elapse time : 0.03 minutes 


#### Fold 4 ####
Fold : 4
Feature Set : ['209831_x_at', '201368_at', '214459_x_at']
Actual Output : [-0.009133589732688225, -0.009261098570452571, -0.009206462792143578, -0.009174554307101276, -0.009366916517101573, -0.009098751023873888, -0.009168365313395073, -0.009240877216669854, -0.009108991062192168, -0.009193699298294158, -0.009173100975130239, -0.009398545959321705, -0.009106608494906257, -0.009346630919263056, -0.009273440948929533, -0.009282914019180808, -0.00921649019478276, -0.009082646325030223, -0.009304070799030485, -0.00916589433976818, -0.009177591900338235, -0.009076051034093249, -0.009133653688533083, -0.00917636249759209, -0.00925929701177874, -0.009194319900005812, -0.009137303884791418, -0.009288317638618334, -0.009188359788779282, -0.009135414942409853, -0.009068070814096498, -0.009274739418756422, -0.009121322244139621, -0.009271484071474538, -0.009423132598011336, -0.009315123980886053, -0.009208772638518431, -0.009344113564124358, -0.009283778488800656, -0.009368673968153725, -0.009287806114347031, -0.009248488425232022, -0.00919272045999207, -0.009258486705174583, -0.009191770928784622, -0.009300957875333516, -0.009230146123973125, -0.009279217585159956, -0.009136499679207197, -0.009134749063398274, -0.009238915974828248]
Desired Output : [1, 0, 1, 0, 0, 0, 1, 0, 0, 0, 0, 0, 1, 0, 0, 0, 0, 0, 1, 1, 0, 0, 1, 1, 0, 0, 0, 0, 0, 1, 0, 0, 0, 0, 0, 0, 0, 0, 0, 0, 1, 0, 1, 0, 0, 0, 0, 0, 1, 0, 0]
AUC ROC Score from testing : 0.688034188034188

fold elapse time : 0.04 minutes 


#### Fold 5 ####
Fold : 5
Feature Set : ['209831_x_at', '201368_at', '214459_x_at']
Actual Output : [0.10352218207382594, 0.10354965813146208, 0.10356215925607141, 0.10368891250215496, 0.10355994509375595, 0.10378924947459792, 0.10370000930050469, 0.10350846100755827, 0.10355525721653368, 0.10351412214214055, 0.10356741629487637, 0.10363676813438105, 0.10352704205487287, 0.10364259627339216, 0.10360173891740093, 0.10346703095208382, 0.1035016855615763, 0.10356787746332223, 0.10346977169182797, 0.10362400207450377, 0.10359236750041836, 0.10378945029534017, 0.10351843793746383, 0.1036136518961852, 0.10364301898967848, 0.10356181142839765, 0.10354795585784832, 0.10353780441934071, 0.10345650610608541, 0.10359900114602823, 0.10356794315259414, 0.1034530566342239, 0.10352921079180004, 0.103626591508336, 0.10353711712239781, 0.10360250304139394, 0.10344343390159949, 0.10358111431131314, 0.10359304125969536, 0.10354698127147147, 0.10356614331878349, 0.10361015648525977, 0.10365703236565024, 0.10355942912574762, 0.10348951145266988, 0.10355853741125765]
Desired Output : [0, 0, 0, 0, 1, 0, 0, 0, 0, 0, 0, 0, 0, 0, 0, 0, 0, 0, 1, 1, 0, 0, 0, 0, 1, 1, 0, 0, 0, 0, 0, 1, 0, 0, 1, 0, 0, 1, 1, 0, 1, 0, 0, 0, 0, 0]
AUC ROC Score from testing : 0.4833333333333334

fold elapse time : 0.03 minutes 


#### Summary ####
Average AUC score : 0.548376
Maximum AUC score : 0.6754629629629629
Size of feature set which gives the highest AUC score from testing : 3
Feature set which gives the highest AUC score from testing : 
['209831_x_at', '201368_at', '214459_x_at']
Total elapse time : 0.98 minutes (0 hours) 
Average AUC score over 1 epoch : 0.548376
