Dataset : GSE2034-22071 (edited).csv
Number of epochs : 1
Number of folds : 5
Number of top-ranked features : 10

#################################### Epoch : 1 ####################################
Fold : 1
Feature Set : ['212149_at', '216037_x_at', '209374_s_at']
Actual Output : [0.10203893619640492, 0.028146454714971958, 0.2493730870380908, 0.1508753274521158, 0.01999467596100146, 0.20623357425637193, 0.29947820408774584, 0.7098822952259973, 0.4631503298115925, 0.30147052113688527, 0.6777825125535267, 0.6983282257409159, 0.2988931455212156, 0.3940644539278558, 0.6305888241483371, 0.40908764448569385, 0.6084107684262032, 0.02609399070593098, 0.705444840582878, 0.5991672233322427, 0.16626593957434688, 0.5738670970233848, 0.16244272616671115, 0.029570401653393988, 0.1353697647153733, 0.3904678208353218, -0.6004287464062075, 0.015757328099454203, 0.35706146858612553, 0.33703015058912444, 0.4317645211252973, -0.30421053557649586, 0.5300034450362144, 0.49156837771567197, 0.21706697377516404, 0.7800233437132493, 0.4558556160871374, 0.5227159820778267, -0.9837567310274863, 0.41544367865783877, 0.7227007049006401, 0.27598193726480574, 0.573213443714207, 0.2907306450753627, 0.4892880308568864, 0.19113971875849292, 0.6019831000958994, -0.09520333823312181, 0.5911290294463808, 0.5165967553689791, 0.4547238113478034, -0.24093384380563848, 0.4475064627592176, 0.1828719517282269, -0.14727911408491806, 0.4577525533026297, 0.12145868380775712, 0.38260804428196854]
Desired Output : [0, 0, 0, 0, 0, 0, 0, 1, 1, 0, 0, 1, 0, 0, 1, 1, 0, 0, 0, 0, 1, 1, 0, 0, 0, 1, 1, 0, 1, 1, 0, 0, 1, 1, 0, 1, 1, 0, 0, 0, 0, 0, 0, 0, 1, 1, 1, 1, 0, 0, 1, 0, 1, 1, 0, 0, 0, 0]
AUC ROC Score from testing : 0.6641414141414141

Fold : 2
Feature Set : ['220978_at', '210849_s_at', '202216_x_at', '221671_x_at', '218252_at']
Actual Output : [0.1759078048726312, 0.5013662881140527, 0.2934279297884851, 0.3352893526912343, 0.45171131612301507, 0.3116661388638937, 0.49010886582390595, -1.114186449649651, -0.24173246905181198, 0.8567530773551257, -0.027124550421852314, 0.6782345941662095, 0.39394891831464435, 0.422530418655419, -0.14346212707863884, 0.3636006584175362, 0.5609358413585798, -0.016132734137281907, 0.29884248804436686, 0.3700207438218401, 0.34663412036032604, 0.6025174448341548, 0.6707430140054719, 0.4008175605510565, 0.46771639761681305, 0.8042452147980644, 0.7674394836941375, 0.3086495426891302, 0.6822147042085644, -0.17511545236949552, 0.49017098986554447, 0.6903361668787223, 0.4940121387981711, 0.5806005622051785, 0.6199138297735424, 0.8337203281633624, 0.4044859650948716, 0.9172568640991097, 0.7170618865078808, 0.05944078095194614, 0.6361894650159443, 0.44057393864705835, 0.4185906180360493, -0.16299195873009212, -0.656104322666216, -0.17157684364711082, 0.47914805802529215, 0.4023514324524081, 0.5547516987395296, 0.18170393784338895, 0.6423339432062048, 0.3882895895676376, 0.4269806479425056, 0.5539380473992727, -0.01762584205526125, 0.2052277228216047, 0.4551853974630964, 0.4680102377125011]
Desired Output : [0, 1, 0, 0, 0, 0, 0, 0, 0, 1, 0, 0, 0, 0, 1, 0, 0, 0, 1, 0, 1, 0, 0, 1, 0, 0, 0, 1, 0, 1, 0, 0, 0, 0, 0, 1, 0, 1, 0, 1, 1, 1, 1, 0, 1, 0, 0, 1, 1, 1, 0, 0, 1, 0, 1, 1, 1, 0]
AUC ROC Score from testing : 0.4204545454545454

Fold : 3
Feature Set : ['215141_at', '212994_at', '209374_s_at', '204562_at']
Actual Output : [0.4091807353583983, 0.44338260911665917, 0.389024956797517, 0.35172600417027816, 0.44876810023706254, 0.4303161253016386, 0.3744661072079171, 0.39024085317601764, -0.3362117210265341, -0.06159495803259332, 0.13888584907773724, 0.2762290168387315, -0.08122165423659991, 0.4729343417300458, 0.24916501278220632, 0.3557854141471417, 0.35646155280219066, 0.5180081059179535, 0.5848650630886985, 0.5618594886628457, -0.08325731463552265, -0.13966391345082155, 0.436178881681158, 0.4333041649078645, 0.2662922811383078, 0.3451689689819275, 0.4712917989517283, -0.007449797747210677, 0.268074569263538, 0.5800451853396303, 0.44315613798734915, 0.41530746852359995, 0.022912451796107118, 0.23031545794112748, 0.5446371080910469, 0.3764585205862226, 0.04184958584652573, 0.5436036034192642, 0.39376918054985854, -0.6788862653725388, 0.38839976076929517, 0.2922273060478436, 0.34310083660451934, 0.5378922570056919, 0.387265751414707, 0.34098936758565584, 0.18019833046908837, 0.5769031546038595, 0.3308907416877264, 0.2558751258210481, -0.5802560316294436, 0.44600951763528085, 0.37695963290498113, 0.4493484263608921, 0.5141149841177608, 0.3429086704050843, 0.43212599025229, 0.4482570065430951]
Desired Output : [0, 0, 1, 1, 1, 0, 0, 0, 0, 1, 0, 0, 1, 0, 0, 0, 0, 0, 0, 0, 1, 0, 0, 0, 1, 0, 0, 0, 1, 0, 0, 1, 0, 1, 1, 0, 0, 1, 0, 0, 1, 1, 1, 0, 1, 1, 1, 1, 0, 0, 1, 0, 1, 0, 1, 0, 0, 0]
AUC ROC Score from testing : 0.422979797979798

Fold : 4
Feature Set : ['205438_at', '211451_s_at']
Actual Output : [0.46822185003421585, 0.14203385792229653, 0.2784280973545348, 0.12734375439551662, 0.10370638906329802, 0.30581138095743515, 0.30750109694565436, 0.1593130025655518, 0.4112476794950286, 0.08676801575571286, 0.24427212099759874, 0.15763623345196245, 0.14024130668006204, 0.1310925107926726, 0.1347897484275862, 0.19068187990369678, 0.12544971897723645, 0.1609788145347296, 0.11577737451223469, 0.16591157117139194, 0.17549526587641895, 0.07109207265654065, 0.44441442186973656, 0.11968731715068477, 0.1609788145347296, 0.45784865031926164, 0.03706445319496125, 0.029262831119084433, 0.22485240687270583, 0.30917516957033575, 0.18771977105061058, 0.19935346980454136, 0.1593130025655518, 0.35750277993635726, 0.09323750741908282, 0.09323750741908282, 0.0421606992224996, 0.11181138730225748, 0.0421606992224996, 0.22229940557741215, 0.29533194117658595, 0.13294750284998802, 0.15424938849410105, 0.3972718775993676, 0.19793009882727902, 0.2620653061680732, 0.17074948519289374, 0.20496199143414626, 0.0421606992224996, 0.3740590485693159, 0.1384365220777516, 0.2235795631964881, 0.29352631350308633, 0.11181138730225748, 0.12544971897723645, 0.256667149120711, 0.23838834749436702, 0.1177392768912684]
Desired Output : [1, 0, 0, 0, 0, 1, 1, 1, 0, 0, 0, 0, 0, 0, 0, 0, 0, 0, 0, 0, 0, 1, 0, 0, 1, 0, 1, 1, 0, 1, 0, 0, 1, 0, 0, 0, 0, 0, 1, 1, 0, 0, 1, 1, 0, 0, 1, 1, 0, 0, 1, 0, 1, 1, 1, 1, 0, 1]
AUC ROC Score from testing : 0.49936868686868696

Fold : 5
Feature Set : ['211451_s_at', '213431_x_at', '205438_at', '32088_at', '214853_s_at']
Actual Output : [0.6746950835677668, 0.7793986643108818, 0.8085353410854226, 0.7411526870884486, 0.6911172351778185, 0.6924043530743328, 0.8240695590091173, 0.7137631135424625, 0.745154615159471, 0.8226879176688485, 0.744057071752697, 0.725111908793074, 0.8343211459897776, 0.8276380857901715, 0.6937629140968435, 0.7868740506067307, 0.8509234281481892, 0.7395443794038801, 0.7649416256636868, 0.6288796516596904, 0.5385525364691295, 0.6630841069891025, 0.7935708138393839, 0.6616432978790505, 0.7135943358452903, 0.8356021385996978, 0.8084728045058102, 0.792997663951009, 0.7856682795757385, 0.7351251275788313, 0.6418540531857916, 0.6691048801848178, 0.6459654707685456, 0.7048241052377895, 0.772587719631536, 0.7837205971409504, 0.7207521901889085, 0.7422260756396564, 0.778617923823831, 0.7082871136615215, 0.7602310619607694, 0.6465493346876297, 0.7774839212618277, 0.767800393449616, 0.7784692373066642, 0.7038828562005455, 0.8251378101245549, 0.7949597085124027, 0.8732790380032128, 0.7976807068522096, 0.6137054642349858, 0.5837331871934396, 0.7886406187288613, 0.7991231325254933]
Desired Output : [0, 0, 0, 0, 0, 0, 0, 0, 0, 1, 0, 0, 0, 0, 1, 0, 0, 0, 1, 0, 0, 0, 0, 0, 0, 1, 0, 0, 1, 0, 1, 1, 0, 1, 1, 1, 0, 1, 0, 0, 0, 1, 1, 0, 0, 1, 1, 1, 1, 1, 0, 0, 1, 0]
AUC ROC Score from testing : 0.5909774436090225


#### Summary ####
Average AUC score : 0.519584
AUC score from feature selection in each fold : [0.5617816091954022, 0.6896551724137931, 0.6479885057471265, 0.6390858944050433, 0.703125]
Size of feature set which gives the highest AUC score from testing : 5
Feature set which gives the highest AUC score from testing : 
['211451_s_at', '213431_x_at', '205438_at', '32088_at', '214853_s_at']
Time Elapse : 9.53 minutes (0.16 hours)

Average AUC score over 1 epoch : 0.519584


Feature frequency :

Total Time Elapse : 12.62 minutes (0.21 hours)
