The first dataset : GSE3494_GPL96.csv
The second dataset : GSE2034-22071 (edited).csv
Number of epochs : 3
Number of folds : 5
Number of top-ranked features : 10

#################################### Epoch : 1 ####################################

#### Fold 1 ####
Fold : 1
Feature Set : ['212949_at']
Actual Output : [0.6138673858844712, 0.7079308706368511, 0.5013198465872902, 0.5237836043248926, 0.46465106459894134, 0.3320562349999163, 0.6986102251132474, 0.6034332681814251, 0.29500123833406855, 0.3038844563144058, 0.2786041417501882, 0.3739069283786976, 0.47347627394763303, 0.6126194096918786, 0.6044242936733212, 0.5033623409612926, 0.2814574227678261, 0.506336303031269, 0.6242165250510777, 0.2774100013731407, 0.31082121405132584, 0.2961500089416194, 0.6661613136523045, 0.4240514420624864, 0.2963794108294308, 0.4846776459110931, 0.6548208413244416, 0.6164422916034167, 0.5608631082863939, 0.5028188545695562, 0.6570457062118016, 0.3256649798073948, 0.35108233815218604, 0.6599026054178373, 0.8079584929403524, 0.6370425803650467, 0.3445605734559838, 0.29683786309099497, 0.46961366221836176, 0.29752466404373207, 0.3685114693273427, 0.6241241054897595, 0.7506220772036595, 0.6229199169150039, 0.30478563896820515, 0.7262440327301706, 0.5651693238725302, 0.8639155562065852, 0.5648314904775772, 0.3739069283786976, 0.42015077618516944, 0.6204025758747884, 0.2913053357947426, 0.32523552426661084, 0.6678213651597651, 0.29683786309099497, 0.4866769438578472, 0.6041273354667474]
Desired Output : [1, 1, 0, 0, 1, 1, 0, 0, 0, 0, 0, 0, 0, 1, 0, 0, 0, 1, 0, 1, 0, 0, 1, 1, 0, 0, 1, 0, 1, 0, 1, 0, 0, 1, 1, 0, 0, 0, 0, 0, 1, 0, 0, 1, 1, 0, 0, 0, 1, 0, 0, 0, 1, 1, 0, 1, 1, 0]
AUC ROC Score from testing : 0.5448232323232323

Fold elapse time : 0.03 minutes 


#### Fold 2 ####
Fold : 2
Feature Set : ['212949_at']
Actual Output : [0.35568348888947365, 0.6443538295550406, 0.5025362802039712, 0.5474322601953234, 0.4838988331958145, 0.36985093405116976, 0.5542403843370787, 0.7409904971837361, 0.5697280683241904, 0.6559147708389401, 0.49889382571450164, 0.3645314918897091, 0.7499806942413755, 0.41588513154389806, 0.316974591172833, 0.6566108041019951, 0.31918045606228035, 0.30741462847526885, 0.4688566165060704, 0.6424468762957334, 0.32925526646035497, 0.3406066442268319, 0.6895207292693151, 0.5537300878513423, 0.5779216765705861, 0.6169061410584263, 0.6382145905628435, 0.48402668380700503, 0.5971506480827675, 0.5064955607020147, 0.5830397143689159, 0.3569598119344297, 0.5948633071070982, 0.35219814933696714, 0.33197784473899544, 0.3549522944883455, 0.4552054353525581, 0.5804458438175374, 0.5479535514611802, 0.6698610032775206, 0.3229629043216375, 0.5202601002713834, 0.46508935843445925, 0.4080152481846745, 0.5441796944314794, 0.4357249572463305, 0.5373507070213518, 0.3620238961083602, 0.3348747041562955, 0.3672003525338556, 0.3944022440861815, 0.3455088101875296, 0.7187737244012883, 0.5701144485159335, 0.34961014843841, 0.5593952151998062, 0.5424869691582376, 0.3294503437378363]
Desired Output : [0, 0, 1, 0, 0, 1, 0, 0, 1, 1, 0, 0, 0, 0, 0, 1, 0, 0, 1, 1, 0, 0, 0, 0, 0, 1, 1, 1, 1, 0, 0, 0, 0, 1, 1, 1, 0, 0, 1, 1, 0, 1, 1, 0, 0, 0, 0, 1, 0, 1, 0, 0, 1, 1, 0, 0, 0, 0]
AUC ROC Score from testing : 0.6338383838383839

Fold elapse time : 0.02 minutes 


#### Fold 3 ####
Fold : 3
Feature Set : ['212949_at']
Actual Output : [0.6955605601547309, 0.5473053723100729, 0.5436340316477862, 0.3659953019627011, 0.3689527665201352, 0.3695414700079692, 0.36201549307695646, 0.5704906205215555, 0.5268781120767223, 0.4103282262776688, 0.3547446560836779, 0.33977515435290956, 0.7185909890631673, 0.35799333309093967, 0.31775864043365526, 0.32574757044998315, 0.5790627042234606, 0.6111847232288307, 0.6786046945412685, 0.5762010804566436, 0.41606591879249777, 0.46425191550133, 0.4848255923535943, 0.3628148214467878, 0.5823967616954706, 0.494770306388502, 0.30546849202866655, 0.31029258827417433, 0.32155117427582786, 0.537448340268928, 0.7954257608218891, 0.3630143894815498, 0.5943724950258207, 0.5030868146233614, 0.4986881145524977, 0.5356734070001292, 0.33379387696116547, 0.40839475909963824, 0.8259846551512786, 0.6839448165707289, 0.36181539650742744, 0.3038476282159536, 0.32946493104685426, 0.5788593054646382, 0.630719520093929, 0.6382470766851546, 0.37902762195433304, 0.5826978132868538, 0.36973749890822344, 0.4951778942171049, 0.2987111172704347, 0.6430322918973895, 0.8265208242098993, 0.3450389971510539, 0.32728248507743357, 0.3036155481687356, 0.43421008160826163, 0.5401489858993219]
Desired Output : [0, 0, 0, 0, 0, 0, 1, 0, 0, 0, 0, 0, 0, 0, 0, 0, 1, 1, 0, 1, 1, 0, 0, 0, 0, 0, 0, 0, 0, 1, 1, 0, 1, 0, 1, 0, 1, 0, 1, 0, 0, 1, 1, 1, 1, 1, 0, 1, 1, 1, 1, 1, 0, 0, 0, 1, 0, 0]
AUC ROC Score from testing : 0.601010101010101

Fold elapse time : 0.02 minutes 


#### Fold 4 ####
Fold : 4
Feature Set : ['212949_at']
Actual Output : [0.3019237180942097, 0.4021045413416217, 0.31256094528490985, 0.40674504786642557, 0.3260761408121838, 0.2905745457930545, 0.30324008961113635, 0.5212349330115358, 0.4140235267438061, 0.6844383616287604, 0.3725044093135921, 0.29817265843091595, 0.7199809142399284, 0.7071095022371864, 0.5157117045036422, 0.30629648042856783, 0.6031520849687504, 0.33492492725732226, 0.6218889397055776, 0.30542538061501306, 0.7265803419876579, 0.4701735233270153, 0.4363357729524222, 0.45620152147886933, 0.3242008108699379, 0.5244562632898213, 0.311702173370286, 0.45349275272692496, 0.6634126846055173, 0.5412810904362031, 0.2878618160842804, 0.28399061598827197, 0.4237926065960134, 0.3093318485003938, 0.5179822150390851, 0.3869495765609603, 0.5080310794267575, 0.7023301782130977, 0.7029904775640213, 0.2814679466000642, 0.42346548656324823, 0.5831345716540753, 0.4721876303548173, 0.40348523679319737, 0.3683885986904323, 0.29728544070161766, 0.6854314078759604, 0.507123574776631, 0.7143881406463456, 0.6778138924209928, 0.3010439609629378, 0.32918367938689247, 0.29728544070161766, 0.4452449260234796, 0.47999209809292276, 0.5840555182944778, 0.33288330539414773, 0.2862718109487558]
Desired Output : [0, 1, 0, 0, 0, 0, 0, 0, 1, 0, 0, 1, 0, 0, 0, 1, 0, 0, 0, 0, 0, 0, 0, 0, 0, 0, 0, 1, 0, 1, 0, 0, 0, 0, 1, 0, 1, 0, 1, 0, 1, 1, 1, 1, 1, 0, 0, 1, 1, 1, 1, 0, 1, 1, 1, 1, 0, 0]
AUC ROC Score from testing : 0.586489898989899

Fold elapse time : 0.02 minutes 


#### Fold 5 ####
Fold : 5
Feature Set : ['212949_at']
Actual Output : [0.4953880730902376, 0.5507997043528825, 0.3922623671300754, 0.43973346783793316, 0.4013948323303863, 0.526267502720139, 0.5766984541109319, 0.4865409939956796, 0.4265391940449959, 0.6113446014571764, 0.5957441992733196, 0.43083426328927, 0.5973592801810955, 0.3892289630170912, 0.43052902168943674, 0.3957733499822671, 0.4114500210026721, 0.43417634398629434, 0.6747248912662684, 0.5229544279978898, 0.4600648021457693, 0.6239321046600895, 0.8280681299598792, 0.6376680671501667, 0.40855641443599444, 0.7176234490115111, 0.4144819885270712, 0.4728558428032715, 0.5540697563212356, 0.5503612573357124, 0.7139664943417532, 0.4438866756930577, 0.5162319696938651, 0.48083363721900946, 0.384636772018553, 0.6191192770107832, 0.8064024367187497, 0.6379991783722576, 0.39427231135725926, 0.6263526148600367, 0.42545808120095424, 0.43174856761358626, 0.4377899811190402, 0.5114727767556044, 0.5832085791859654, 0.4705249551836531, 0.6017810948058635, 0.4488705508574759, 0.5697431011013149, 0.5128216483574612, 0.42188493028665264, 0.39159020083002843, 0.6656501416502006, 0.40155900482591084]
Desired Output : [0, 1, 0, 0, 0, 0, 0, 1, 0, 0, 0, 0, 0, 0, 0, 0, 0, 0, 0, 0, 0, 0, 1, 1, 0, 0, 1, 0, 1, 0, 0, 1, 1, 0, 0, 0, 0, 0, 1, 1, 1, 0, 1, 1, 0, 0, 1, 0, 1, 1, 1, 1, 0, 1]
AUC ROC Score from testing : 0.47518796992481205

Fold elapse time : 0.02 minutes 


#### Summary ####
Average AUC score : 0.56827
Maximum AUC score : 0.6338383838383839
Size of feature set which gives the highest AUC score from testing : 1
Feature set which gives the highest AUC score from testing : 
['212949_at']
Time Elapse : 0.85 minutes (0.01 hours)

#################################### Epoch : 2 ####################################

#### Fold 1 ####
Fold : 1
Feature Set : ['212949_at', '201710_at']
Actual Output : [0.6794963372612596, 0.41311731917151007, 0.5331858996411759, 0.36821802029358575, 0.33032799079824804, 0.3428650878127209, 0.4837084627980648, 0.36785726949448866, 0.34267228207448686, 0.35964706914098654, 0.6699942981659369, 0.4087916155648459, 0.35798329391002287, 0.3088518521852875, 0.4987900283624081, 0.5966767420342416, 0.38080242961885197, 0.5668644026138975, 0.39498562893820294, 0.4685445198949268, 0.707804271593145, 0.6414379275757437, 0.4445967950529984, 0.46282281535089553, 0.4263952490265385, 0.3073781710405563, 0.4871659502201558, 0.39915074137807083, 0.48383719811720516, 0.3546336229859551, 0.6866561547424556, 0.6369082059874372, 0.7784196577952908, 0.49496354988794566, 0.490837531776366, 0.5741397245931285, 0.5785428694906215, 0.6189206800831868, 0.6683271507673243, 0.35407245583566177, 0.3105294778276977, 0.3111567860444005, 0.31614019912488434, 0.35351045846895995, 0.6640383690185188, 0.5666702968986246, 0.45489336667377, 0.3319173817766942, 0.3801047518204105, 0.31614019912488434, 0.6039452066203523, 0.4527744604461123, 0.34708255496078555, 0.3331051995899453, 0.3117831152577883, 0.32430978358939294, 0.5592905371551278, 0.5892872898407436]
Desired Output : [0, 1, 0, 0, 0, 0, 0, 1, 1, 0, 0, 0, 0, 0, 0, 0, 0, 1, 0, 1, 0, 1, 0, 0, 1, 0, 0, 0, 1, 0, 1, 1, 1, 0, 1, 0, 1, 0, 1, 0, 0, 0, 0, 1, 1, 1, 1, 0, 0, 1, 0, 1, 0, 0, 1, 1, 0, 0]
AUC ROC Score from testing : 0.6117424242424243

Fold elapse time : 0.02 minutes 


#### Fold 2 ####
Fold : 2
Feature Set : ['212949_at', '201710_at']
Actual Output : [0.37367261489866427, 0.3253758704979416, 0.5372425969871941, 0.6866582580437586, 0.5029752602186579, 0.5666441578988588, 0.3153166591391549, 0.5495958341595871, 0.32224588052974085, 0.706823046847142, 0.6779521986127726, 0.6576421665086426, 0.7535707386369433, 0.6349336856753123, 0.5803303302380353, 0.599013469452175, 0.30255138640642987, 0.6662001672748449, 0.5951947921386043, 0.3372872195039875, 0.29904053664483343, 0.34516523202597915, 0.5257354461694156, 0.45954620859923306, 0.36844725780297766, 0.34423527903772383, 0.503579191398842, 0.6477551414283367, 0.499450479457065, 0.3094880323523807, 0.3186965140368061, 0.5787251183354299, 0.6181015326705429, 0.49834889751031225, 0.5825815169192754, 0.3334820986121737, 0.455678719521961, 0.5207383335302231, 0.5955522036415047, 0.6716120338847374, 0.3204749418974143, 0.43627094535162203, 0.726719738926978, 0.6744723345555257, 0.6077835493964745, 0.7015758168457145, 0.3952150018300855, 0.3495997083302782, 0.5548736166748208, 0.6257312547552145, 0.556204405440245, 0.3842564238652516, 0.45734142057708277, 0.3468338253815985, 0.34068205159239456, 0.5708561188118213, 0.5804244791500218, 0.3115069520573587]
Desired Output : [0, 0, 0, 1, 1, 0, 0, 0, 0, 0, 0, 1, 0, 0, 0, 1, 0, 0, 1, 0, 1, 0, 0, 0, 0, 1, 1, 1, 0, 0, 0, 0, 1, 0, 1, 1, 0, 1, 0, 0, 1, 0, 0, 0, 1, 1, 0, 0, 0, 1, 1, 0, 1, 0, 1, 1, 1, 0]
AUC ROC Score from testing : 0.5946969696969697

Fold elapse time : 0.02 minutes 


#### Fold 3 ####
Fold : 3
Feature Set : ['212949_at', '201710_at']
Actual Output : [0.46555715126489283, 0.5275067651503685, 0.6049055586988253, 0.415588146645202, 0.33808452906254427, 0.5150093929564016, 0.3561187112364429, 0.3437157527126637, 0.7609293298876174, 0.29714050258293817, 0.515645399907932, 0.3052909901488737, 0.3268029026566706, 0.34630510745176396, 0.7210580754447384, 0.344713530575995, 0.4649703844745566, 0.4614298069324077, 0.29334528723035663, 0.5954644460470766, 0.295804676828857, 0.8135935125185908, 0.47223760656669916, 0.3107146267731503, 0.4530329875725779, 0.6639365582678507, 0.6881987024352115, 0.31967864671114093, 0.5412032913286708, 0.28974382578144803, 0.5078036410402199, 0.4530329875725779, 0.648538597908638, 0.607480644957941, 0.6034651430704396, 0.31862106518417505, 0.3437157527126637, 0.3325832368139372, 0.5247970382834525, 0.28245369526054864, 0.39479037642910453, 0.30002118859793014, 0.47180566739755103, 0.40282676556067976, 0.5376539049807173, 0.5068921371805606, 0.30002118859793014, 0.5353858950812963, 0.34927327209116577, 0.5741611110109904, 0.3319676082720428, 0.286796335969733, 0.28474447114428875, 0.6385896123131513, 0.6329133125737774, 0.4207432421292988, 0.5433145264616287, 0.3072511645643664]
Desired Output : [0, 0, 1, 1, 0, 0, 0, 0, 0, 1, 0, 1, 0, 0, 0, 0, 0, 0, 0, 0, 0, 1, 0, 0, 1, 0, 0, 0, 1, 0, 1, 1, 1, 0, 1, 0, 0, 1, 0, 0, 0, 0, 1, 1, 0, 1, 1, 0, 1, 1, 1, 1, 1, 1, 0, 0, 0, 0]
AUC ROC Score from testing : 0.5082070707070707

Fold elapse time : 0.02 minutes 


#### Fold 4 ####
Fold : 4
Feature Set : ['212949_at', '201710_at']
Actual Output : [0.42667877650086766, 0.4954999314730201, 0.29313699730640314, 0.3367223826524502, 0.4922664799760811, 0.5481788878008352, 0.4559586027128654, 0.5205783622039017, 0.2890967007181635, 0.4133322195756565, 0.3718331576859398, 0.7068092966624562, 0.31854178921933424, 0.5937391827377435, 0.3482965103991499, 0.2975839829640516, 0.2727990936239611, 0.30569586678312327, 0.31344840282416964, 0.4033135711339755, 0.3048260128665589, 0.28319612185281884, 0.4972389251902324, 0.46948484297993426, 0.6913098674115694, 0.40245265921816453, 0.3981197259542581, 0.703668246741799, 0.30872695770393005, 0.5173227540439892, 0.5550922731017107, 0.6450081028544014, 0.7020160971900012, 0.5261393551667712, 0.3498683829730667, 0.65008557733178, 0.798607783220309, 0.5487512069916349, 0.4576024947682951, 0.36772035350880594, 0.3610914850409434, 0.6143657844594009, 0.2922422841089636, 0.3170623341843381, 0.34513508011179606, 0.3437444855309394, 0.2984681008437387, 0.3951460395974636, 0.7164943137495073, 0.5553164257243566, 0.5185786444314208, 0.41198871498899303, 0.2922422841089636, 0.33224861918070275, 0.6580003277269821, 0.33224861918070275, 0.47775943080120037, 0.5289461789512055]
Desired Output : [0, 1, 0, 0, 0, 0, 1, 0, 0, 1, 0, 0, 0, 0, 0, 0, 0, 0, 0, 0, 0, 0, 1, 0, 0, 1, 0, 0, 0, 1, 0, 1, 0, 1, 0, 1, 1, 1, 1, 1, 1, 0, 1, 1, 0, 1, 1, 0, 0, 1, 1, 0, 1, 0, 0, 0, 1, 0]
AUC ROC Score from testing : 0.5606060606060607

Fold elapse time : 0.02 minutes 


#### Fold 5 ####
Fold : 5
Feature Set : ['212949_at', '201710_at']
Actual Output : [0.40354452573967137, 0.44501236915222453, 0.6999739801860196, 0.4868434527668638, 0.610562208584484, 0.4393767573149589, 0.40140540258069296, 0.6181791292159367, 0.613864542854946, 0.6285565751361177, 0.578979829784366, 0.4273487351193406, 0.6548466029235428, 0.7118040284160639, 0.6709982437374103, 0.5612627577511295, 0.6649433016616547, 0.623367517882297, 0.40531843153449737, 0.40283275362083887, 0.3910863194762121, 0.6290153730196287, 0.4493033611804522, 0.5011077085288688, 0.5455316456756026, 0.3979949601296832, 0.4069082333134044, 0.5688495492588701, 0.6412197996555565, 0.6101712650276242, 0.6524950375998426, 0.3836848661639712, 0.5008334774325538, 0.4886935791224955, 0.4286853185078703, 0.6387497021596581, 0.4166597704149843, 0.8205926508551693, 0.8675790056936935, 0.5329058976703953, 0.47730078856320185, 0.43921450896236647, 0.6043443744606518, 0.6403401064533666, 0.44276812979429697, 0.6737411486745877, 0.8810007296304883, 0.4538584499729142, 0.445651150221836, 0.5512544888897108, 0.7722426872199949, 0.8681422896129138, 0.5485247682108321, 0.39163604437912425]
Desired Output : [0, 0, 0, 0, 0, 1, 0, 0, 0, 1, 0, 0, 1, 1, 0, 0, 0, 1, 0, 0, 0, 0, 1, 0, 0, 0, 0, 0, 0, 1, 0, 0, 1, 0, 1, 0, 1, 0, 1, 0, 0, 0, 0, 1, 1, 1, 0, 0, 1, 1, 1, 0, 1, 1]
AUC ROC Score from testing : 0.5533834586466165

Fold elapse time : 0.02 minutes 


#### Summary ####
Average AUC score : 0.565727
Maximum AUC score : 0.6117424242424243
Size of feature set which gives the highest AUC score from testing : 2
Feature set which gives the highest AUC score from testing : 
['212949_at', '201710_at']
Time Elapse : 0.86 minutes (0.01 hours)

#################################### Epoch : 3 ####################################

#### Fold 1 ####
Fold : 1
Feature Set : ['212949_at', '218308_at', '221275_s_at', '202870_s_at']
Actual Output : [0.32465296262290977, 0.4989643984715162, 0.5556394298056497, 0.5575472210471341, 0.4853224493321572, 0.36337100657915267, 0.725469708027873, 0.4060369903512168, 0.33094429558546007, 0.6942376948457349, 0.5990823705022139, 0.3109574545595604, 0.2873981775247457, 0.3460005360253084, 0.31868639329408033, 0.6477401697129865, 0.4124058291991769, 0.6000639397431198, 0.5038360399093098, 0.8198536999819077, 0.7321761339979179, 0.32730206969814807, 0.41157352284847987, 0.32383468739658355, 0.30373741430887546, 0.40738613056150863, 0.5060523640573524, 0.6615936235642758, 0.5465120777840344, 0.5137662498052915, 0.4854600471996369, 0.6119825991165664, 0.5096730358251538, 0.7075673520031965, 0.6055038968034155, 0.5912173502321462, 0.583150586277472, 0.3136880839510803, 0.4651007168801204, 0.4786565931960616, 0.41190665112240604, 0.6052148912198415, 0.46828388515826824, 0.3050198595564709, 0.6873818389868775, 0.30926887529867075, 0.36393191314790535, 0.7197917675976349, 0.36055541452114226, 0.5613301296377843, 0.5789867248475529, 0.863876006118401, 0.741522407442168, 0.5785673429559547, 0.663258540909974, 0.4862845535228632, 0.5888899579685174, 0.5669241948929039]
Desired Output : [0, 0, 0, 0, 0, 1, 0, 0, 0, 0, 0, 0, 0, 0, 0, 0, 0, 0, 1, 1, 0, 0, 1, 0, 0, 0, 1, 1, 1, 1, 1, 0, 0, 0, 0, 1, 0, 0, 1, 1, 1, 0, 0, 0, 0, 1, 1, 1, 1, 0, 1, 0, 1, 1, 0, 1, 1, 0]
AUC ROC Score from testing : 0.523989898989899

Fold elapse time : 0.02 minutes 


#### Fold 2 ####
Fold : 2
Feature Set : ['212949_at', '218308_at', '221275_s_at', '202870_s_at']
Actual Output : [0.36917609387955475, 0.69360890601062, 0.4139266781723269, 0.36651793216234274, 0.6968454160658591, 0.41843440645111735, 0.3397137579903152, 0.5552241613845449, 0.30482591519565594, 0.5230793367322669, 0.36993223290498256, 0.3574591351041313, 0.5671059869933184, 0.31230527945420156, 0.7049494223212391, 0.3557003325432149, 0.667648264861272, 0.3279218796691344, 0.5756818251959653, 0.668362230056572, 0.5887101880032015, 0.6246962833617844, 0.3109950962133326, 0.2906054476426479, 0.604018110935489, 0.4797968322551268, 0.28668521493490273, 0.46194979531467206, 0.48215212270503843, 0.3634576086771668, 0.33684919488901255, 0.46370462849063016, 0.7020143501099735, 0.6274856712381934, 0.6070334726075951, 0.35784891466757096, 0.796786958983374, 0.4205849967140196, 0.4958079399633399, 0.407486727271002, 0.5879317159253079, 0.6302452463386568, 0.6819361072954797, 0.3114322824440685, 0.6846116231142827, 0.3314747874579352, 0.627653762044493, 0.3131764473323678, 0.370121037085679, 0.3397137579903152, 0.4241955541452284, 0.4557359222249964, 0.8293163248771813, 0.32938859847972973, 0.5500442927312363, 0.4877643763079669, 0.5368611276766725, 0.5991972755168058]
Desired Output : [0, 0, 1, 0, 1, 0, 0, 0, 0, 0, 0, 0, 0, 1, 0, 0, 1, 0, 1, 1, 0, 0, 0, 0, 1, 0, 1, 0, 0, 0, 1, 1, 0, 1, 1, 0, 1, 0, 1, 0, 1, 0, 1, 0, 0, 1, 1, 1, 1, 0, 0, 1, 0, 0, 0, 1, 0, 0]
AUC ROC Score from testing : 0.5896464646464646

Fold elapse time : 0.02 minutes 


#### Fold 3 ####
Fold : 3
Feature Set : ['212949_at', '218308_at', '221275_s_at', '202870_s_at']
Actual Output : [0.433938393878616, 0.4991313314688436, 0.5378732775880065, 0.5342507203389617, 0.4233546551121221, 0.3667168256938971, 0.3502612618319599, 0.3378573593797459, 0.5561162802839321, 0.311871187722405, 0.5177718182883941, 0.5722146551543633, 0.31934467652580867, 0.711794897587166, 0.6006000916000623, 0.35651163578812856, 0.3080842996241784, 0.39138654155923247, 0.49798599919279785, 0.6703135116007876, 0.5665357130383306, 0.3209875683142022, 0.44242826639175853, 0.3362800498690994, 0.5259432826535473, 0.498622785670026, 0.423670353051706, 0.39566133649338703, 0.5807268061166919, 0.6432673495592203, 0.640773191810254, 0.3228281489526878, 0.5520600708258092, 0.43023793327428517, 0.3450743868046801, 0.6455838942811097, 0.49452600294054294, 0.45291035879377994, 0.5833484731062275, 0.5495783496420008, 0.520756770121987, 0.8259811206297404, 0.34949701398699234, 0.30511543881240494, 0.3718130677733566, 0.6117413559311844, 0.43255513663053025, 0.7316830014106491, 0.5385478313177857, 0.5691859858700926, 0.5364066966012973, 0.628998331207221, 0.3768441244245668, 0.31082266164711886, 0.4868376535446181, 0.6082248788890963, 0.29997744474417676, 0.34235859841236366]
Desired Output : [0, 1, 0, 0, 1, 0, 0, 1, 0, 0, 0, 1, 1, 0, 0, 0, 0, 0, 0, 0, 1, 0, 0, 0, 0, 0, 1, 0, 0, 1, 1, 0, 1, 1, 1, 1, 0, 0, 0, 1, 1, 1, 0, 0, 1, 0, 0, 0, 0, 1, 0, 1, 0, 1, 1, 0, 1, 0]
AUC ROC Score from testing : 0.5530303030303031

Fold elapse time : 0.02 minutes 


#### Fold 4 ####
Fold : 4
Feature Set : ['212949_at', '218308_at', '221275_s_at', '202870_s_at']
Actual Output : [0.3026124055182992, 0.31378610127093437, 0.3101612286238431, 0.5203888484070652, 0.6410156356811921, 0.3113729409989521, 0.29889164663289847, 0.6693778124007155, 0.7419437031932622, 0.5091483611612354, 0.33395182444752025, 0.4901495883371161, 0.46190082560841444, 0.458600271259722, 0.31338485472700983, 0.5928284765521836, 0.4591525108695867, 0.6390296441108431, 0.6762940327330854, 0.31298323016281127, 0.6492548677736963, 0.32740152974244213, 0.3652260386019478, 0.4230478523585083, 0.3032294297177481, 0.3169825286968286, 0.5112856703500585, 0.45077730878803646, 0.4722852459228263, 0.3075240279407407, 0.3264295422795038, 0.31857176739427623, 0.3420909076674335, 0.5178470172039742, 0.2932499865459879, 0.3285649480102427, 0.3715495457186378, 0.35391424986208764, 0.5369835690008732, 0.5763105803302417, 0.6018457847326795, 0.5010686705398565, 0.34302699007502135, 0.6630329255116626, 0.44522616988346264, 0.397020032918381, 0.33528773216165414, 0.547087581669461, 0.5487751728135666, 0.3712008610123672, 0.5124670649885672, 0.446800581405101, 0.3260401160995975, 0.6197975255563376, 0.3015820682616304, 0.33870330617129274, 0.315986223938482, 0.29576642831134187]
Desired Output : [0, 0, 0, 0, 0, 0, 0, 0, 0, 0, 0, 0, 0, 0, 0, 1, 1, 1, 0, 0, 0, 0, 1, 0, 0, 0, 1, 1, 0, 0, 0, 1, 1, 0, 0, 1, 1, 0, 0, 1, 1, 1, 1, 1, 1, 0, 0, 1, 1, 0, 1, 1, 1, 0, 1, 0, 0, 0]
AUC ROC Score from testing : 0.6338383838383839

Fold elapse time : 0.03 minutes 


#### Fold 5 ####
Fold : 5
Feature Set : ['212949_at', '218308_at', '221275_s_at', '202870_s_at']
Actual Output : [0.5305451107568692, 0.6440643193602649, 0.42904504785932357, 0.557604222899781, 0.6145200751225962, 0.4346580205865291, 0.43850641389147116, 0.5230753367455081, 0.5752606880601194, 0.4891276651447344, 0.4564346311626044, 0.39211004347769374, 0.4380467232931927, 0.4366641973717626, 0.7848279723278683, 0.45218254017749115, 0.6430287939246636, 0.3877593842377198, 0.6526674056370978, 0.5227153050028874, 0.6183920056364428, 0.7139744439220492, 0.39089671970276346, 0.3879343399786865, 0.3931470468295422, 0.5440845551489728, 0.6034964557301519, 0.6300280711509864, 0.4301431239223454, 0.553489776847027, 0.7271833059637517, 0.6801450949500917, 0.38600553395358467, 0.5797928793503095, 0.43927129010575433, 0.8102368080562301, 0.8018828759499028, 0.47434208340596307, 0.39469740463356257, 0.43558530314938676, 0.40100694306470147, 0.43450324702832527, 0.4111890281478098, 0.46250476973310073, 0.7390129939421298, 0.45159208695844655, 0.4255727480756494, 0.39089671970276346, 0.39469740463356257, 0.6721466374829896, 0.4255727480756494, 0.40487785264325876, 0.3934921036286648, 0.49492061435966794]
Desired Output : [0, 1, 0, 1, 0, 0, 1, 1, 0, 1, 0, 0, 0, 0, 0, 0, 1, 0, 0, 0, 0, 0, 0, 0, 0, 0, 0, 0, 0, 0, 1, 1, 0, 1, 0, 1, 0, 0, 1, 0, 1, 1, 0, 0, 0, 0, 1, 1, 1, 1, 0, 1, 1, 0]
AUC ROC Score from testing : 0.5218045112781955

Fold elapse time : 0.02 minutes 


#### Summary ####
Average AUC score : 0.564462
Maximum AUC score : 0.6338383838383839
Size of feature set which gives the highest AUC score from testing : 4
Feature set which gives the highest AUC score from testing : 
['212949_at', '218308_at', '221275_s_at', '202870_s_at']
Time Elapse : 0.85 minutes (0.01 hours)

Average AUC score over 3 epoch : 0.566153


Feature frequency :
1. 212949_at : 3
2. 201710_at : 1
3. 218308_at : 1
4. 221275_s_at : 1
5. 202870_s_at : 1

Total elapse time : 3.81 minutes (0.06 hours) 
