Dataset : GSE2034-22071 (edited).csv
Number of epochs : 5
Number of folds : 5
Number of top-ranked features : 10

#################################### Epoch : 1 ####################################
Fold : 1
Feature Set : ['206220_s_at', '208071_s_at']
Actual Output : [0.06712935756536427, 0.2877782495810748, 0.10281460832146738, 0.1471518465172417, 0.08816978795677129, 0.009850514020516269, 0.11918839862250413, 0.01231998122413375, 0.21793198659995033, 0.2875950655039486, 0.08246127869631664, 0.301467810416602, 0.15590929052249097, 0.3358225245904931, 0.10325924047841331, 0.020209185864565327, 0.29014132497603906, 0.05939147789711147, 0.07515050733339695, 0.07167014816207025, 0.07316717400103591, 0.05143337158346525, -0.04340398572942863, 0.0932968359176898, 0.1208516852233425, 0.12577573090773733, 0.09696378169487703, -0.01802489813204146, -0.04048460656923899, 0.14112703532679413, 0.10591101860227184, -0.06772423654602083, 0.21927022972683471, 0.14264762768630565, 0.07711946971982207, -0.00933189920991757, -0.006051319279135356, 0.09650821552933973, 0.13611730762549737, 0.1741415513340825, 0.02378152461560292, 0.2949429656939044, 0.20259670426504678, 0.0135472170469821, 0.24567654385898327, 0.01659368031223271, 0.03821831651748908, 0.02140472343038539, 0.18320547499645795, 0.02555174730780944, 0.39165090028644384, 0.2861222576975732, 0.07662856784975665, 0.004850735284354499, -0.0015156745945240544, 0.11709359345324111, 0.2835130612033838, -0.013983027628632547]
Desired Output : [0, 0, 0, 0, 0, 0, 1, 1, 0, 0, 0, 0, 1, 1, 0, 0, 0, 1, 0, 1, 0, 0, 1, 0, 1, 0, 0, 1, 1, 0, 0, 0, 1, 0, 1, 1, 0, 0, 0, 1, 0, 0, 1, 1, 0, 1, 1, 1, 1, 1, 0, 0, 0, 0, 0, 0, 1, 0]
AUC ROC Score from testing : 0.4065656565656566

Fold : 2
Feature Set : ['201010_s_at', '209374_s_at', '214677_x_at']
Actual Output : [0.35421655624496357, 0.4695576120750096, 0.09164847544640493, 0.25251056056352467, 0.48847431085274623, 0.1256153702918537, 0.46345257090914443, 0.26261902209511623, 0.21915107629403915, 0.5030874265284324, 0.06664095222672776, 0.1437067717858666, 0.1423070276856508, 0.24414382088919775, 0.44650756552567844, 0.06733092695499257, 0.0069956899161179985, -0.0013796559309853613, 0.4264045592948706, 0.47959463686712295, 0.33828484185192115, 0.3409405933524814, 0.3688581116901891, 0.286587184714807, 0.3881880025567668, 0.23458658875118518, 0.3068595308868529, -0.7090175416329303, 0.5104771176704505, 0.3642895256394413, 0.5531996194299146, 0.46358656850604296, 0.33325362275816645, -0.3261907344061148, 0.3686631451258918, 0.2574969910909927, -0.1924896445343616, 0.4804084569789141, 0.09390506406723895, 0.30416615199587105, -0.28221557044988865, 0.3692016294828068, 0.3275001409517622, 0.21148813812855827, 0.42052108659419546, 0.5365041252268262, 0.2102395368867595, 0.310901345683043, 0.2148437414337493, 0.4492159391792202, 0.35158411721331084, 0.23371115732442527, 0.4316348141720953, -0.6479201606697189, -0.006732971485276249, 0.4085917352245616, 0.3101057533394596, 0.4471455765072986]
Desired Output : [0, 0, 0, 0, 1, 0, 0, 0, 0, 0, 0, 0, 0, 0, 0, 0, 1, 0, 0, 0, 1, 1, 1, 0, 0, 0, 0, 0, 1, 0, 0, 0, 0, 1, 0, 0, 1, 0, 1, 1, 1, 0, 1, 0, 0, 0, 1, 1, 0, 1, 1, 0, 1, 1, 1, 1, 1, 1]
AUC ROC Score from testing : 0.44570707070707066

Fold : 3
Feature Set : ['201010_s_at', '206150_at']
Actual Output : [0.33053499600986935, -0.1793078723815406, 0.4371836595291217, 0.34786408029992005, 0.35812994717446733, 0.4002616948725296, 0.4882137628346724, 0.32415131654777846, 0.37966104858549543, 0.19472900796432258, 0.2503736326269936, 0.1478321987449301, 0.38456773378964343, -0.008677820931996259, 0.3219971962741965, 0.08927934661770075, 0.12129585070630726, 0.2450118957178499, 0.2879805757873323, 0.13922420471270244, 0.2871104164320047, 0.1833297602358888, 0.38218334753263056, 0.2836722619020204, 0.41167479491712944, 0.38182059189628376, 0.24646969890188267, 0.3245720840513799, 0.4722653979063125, 0.30008677435764486, 0.35398817837056495, 0.37725207099767694, 0.3705243913320068, 0.29544741790576706, 0.3187563524726363, 0.3269313651374886, 0.3667462965947171, 0.09828919039942036, 0.09623211541821208, 0.214240083946457, 0.26754010176491666, 0.4487796113902031, 0.4016590623344308, 0.04982149834621086, 0.16613814205535618, 0.10808043605178509, 0.27173736168768936, -0.01717315837001907, 0.15969554125102123, 0.325134119540562, 0.33034481539072585, 0.3474293685676894, 0.028264723868000118, 0.17438462239799196, 0.16455877663247417, 0.3529049681960951, 0.49057073952458985, 0.00404720395474431]
Desired Output : [0, 1, 0, 1, 0, 0, 0, 0, 0, 0, 0, 1, 0, 0, 0, 0, 0, 1, 0, 0, 1, 0, 0, 0, 0, 0, 0, 1, 1, 1, 0, 1, 0, 0, 0, 1, 0, 1, 1, 1, 0, 0, 0, 1, 0, 1, 1, 1, 1, 0, 1, 1, 1, 0, 0, 0, 1, 0]
AUC ROC Score from testing : 0.35858585858585856

Fold : 4
Feature Set : ['201010_s_at', '221756_at']
Actual Output : [0.3593094226388292, 0.2184001809563199, 0.4139063715857949, 0.3219844263921533, 0.23400175692065275, 0.41293037206584066, 0.29820860921276715, 0.24123302075341319, 0.0074597458256392855, 0.24050761517203378, 0.1463441290399578, 0.1322947463631111, 0.28753530615580075, -0.009327865635632848, 0.3608707823002944, 0.017090235495259534, 0.37670778782511205, 0.3580707947792357, 0.46070883718657274, 0.4044030477513193, 0.46911286558688625, 0.21863888868852577, 0.3567254847357496, -0.00574992840595743, -0.14349952320425424, 0.36048100211744544, 0.30771791590084646, -0.12323045602808849, 0.1197493082457044, 0.45235186250960996, 0.5285043926795624, 0.42146871474380615, 0.39474838344114827, -0.0653614912984111, 0.20222085166716955, 0.3737524712857086, 0.39233806660553683, 0.2361113078200762, 0.2935707059589466, 0.4162008354515168, 0.42809594703649423, 0.43482697669106957, 0.4582304354236175, 0.15601003125977847, -0.15941065312908384, 0.41246962087109407, 0.1272798245718148, 0.4089720625321078, 0.35173686946752103, 0.1768649665628921, 0.2987962485057497, 0.3649619941452829, 0.21640375359576533, 0.32841068310918525, 0.24333845297895335, 0.18773447032421597, 0.33275510062689917, 0.3780400510576286]
Desired Output : [0, 0, 1, 1, 0, 0, 0, 1, 0, 0, 0, 0, 0, 1, 1, 0, 0, 0, 1, 1, 0, 0, 1, 0, 0, 0, 1, 0, 1, 0, 0, 0, 1, 1, 1, 1, 1, 0, 0, 1, 0, 0, 0, 0, 1, 0, 1, 1, 0, 0, 1, 0, 0, 1, 0, 0, 0, 1]
AUC ROC Score from testing : 0.5303030303030303

Fold : 5
Feature Set : ['221224_s_at', '210019_at', '209374_s_at', '220407_s_at']
Actual Output : [0.07872349055750026, 0.11235545551984359, 0.3352230109472865, 0.37441345311759966, 0.10224901588945133, 0.30838384638442573, 0.07487809819706291, 0.12903283250508646, 0.22932988326795226, 0.29872973676577264, 0.11774192029013118, 0.3639790978995917, 0.27604880405246945, 0.3129421089375613, 0.3111879148162078, 0.4039239503676845, 0.36767081226252507, 0.4047930310638619, 0.2796546433045419, 0.1878538226967628, 0.42929913341128956, 0.07422094414185833, 0.13262794495249788, 0.3320676672548135, 0.06989663839414877, 0.28425982178800047, 0.40511195363766533, 0.2263010859515008, 0.05393045534572967, 0.4286031237513452, 0.040998158073709476, 0.09288796256148622, 0.07606487719322985, 0.34043917091131415, 0.3605437214222364, 0.3286823149399249, 0.11712557294613857, 0.0706091631128483, 0.1676083122066956, 0.11772073495765732, 0.4233621793133423, 0.3721777296938509, 0.14049660449904533, 0.4819648301197352, 0.15750152321425248, 0.42782695305209023, 0.2990104051023407, 0.3043599925038833, 0.3454232939561029, 0.2835972929241944, 0.3286337986401341, 0.2169464897989132, 0.32301957707466283, 0.07534730272876497]
Desired Output : [0, 0, 1, 0, 0, 1, 0, 1, 0, 0, 0, 0, 0, 0, 0, 0, 0, 0, 0, 1, 0, 0, 0, 0, 0, 0, 1, 1, 1, 1, 0, 1, 0, 1, 0, 0, 0, 1, 0, 1, 1, 0, 1, 1, 1, 1, 0, 0, 1, 1, 0, 0, 0, 0]
AUC ROC Score from testing : 0.5593984962406015


#### Summary ####
Average AUC score : 0.460112
AUC score from feature selection in each fold : [0.6217494089834515, 0.6242816091954023, 0.603448275862069, 0.6738505747126436, 0.6897321428571429]
Size of feature set which gives the highest AUC score from testing : 4
Feature set which gives the highest AUC score from testing : 
['221224_s_at', '210019_at', '209374_s_at', '220407_s_at']
Time Elapse : 9.61 minutes (0.16 hours)
#################################### Epoch : 2 ####################################
Fold : 1
Feature Set : ['201642_at', '212614_at', '204670_x_at', '209619_at', '219716_at', '204641_at']
Actual Output : [0.5362694400318437, 0.6571674254594129, 0.7146032390535052, 0.6086438288823415, 0.4395757438781237, 0.6523849612263376, 0.664401372360851, 0.6605406294164143, 0.6438565493075786, 0.5368501054184338, 0.5379161555572467, 0.6790608845644532, 0.6103743672507791, 0.5996048721279552, 0.6042057383450413, 0.6093597840824014, 0.6896527986779726, 0.6516047199008972, 0.5498005391546098, 0.6700471123712461, 0.713778885594829, 0.6919917289292842, 0.5917471466846002, 0.6635361994707428, 0.7169934180383148, 0.6910465865546366, 0.709427801968062, 0.6826424139819671, 0.6145741876939538, 0.6666427225310901, 0.72313402806411, 0.654210398432087, 0.5885031984670521, 0.41370726396504903, 0.6713817178375214, 0.6056071343723438, 0.6872209928330621, 0.6750850747509296, 0.6612601525954891, 0.6822522085233684, 0.6939101494132139, 0.6934868519303405, 0.7369809999307492, 0.6879138925874516, 0.6166146353210785, 0.6914947392887972, 0.6843337717242891, 0.7193612789877109, 0.6097977074765027, 0.6200822604860381, 0.7155097434211917, 0.7124450860919821, 0.7058515202492295, 0.6524756446210412, 0.20775285924668713, 0.6484369602292541, 0.6119307130776931, 0.6259747513584899]
Desired Output : [0, 0, 0, 0, 0, 0, 1, 1, 0, 0, 0, 0, 1, 1, 0, 0, 0, 1, 0, 1, 0, 0, 1, 0, 1, 0, 0, 1, 1, 0, 0, 0, 1, 0, 1, 1, 0, 0, 0, 1, 0, 0, 1, 1, 0, 1, 1, 1, 1, 1, 0, 0, 0, 0, 0, 0, 1, 0]
AUC ROC Score from testing : 0.5037878787878788

Fold : 2
Feature Set : ['201769_at', '202692_s_at', '209374_s_at']
Actual Output : [0.2556285088147307, 0.4243897738453561, 0.7610421837941811, 0.8730823165835909, 0.5032184063039018, 0.5552953518486776, 0.20592867378007815, 0.40088328511562765, 1.0147002107843106, 0.3953847654012942, 0.4434651912245004, 0.7984639843497874, 0.7657763407296269, 0.5154074393468736, 0.4064018214024439, 0.38864943067940144, 0.458892643331936, 0.19997462481452563, -0.5146371858774292, 0.43073506359109437, 0.7335619747029516, 0.08505825420557675, 0.9499263774709612, 0.2714241166653086, -0.5205746718779672, 0.6885001425145942, 0.20995504341065127, 0.6731748423577352, 0.5331972182935444, 0.7279917399406594, 0.694182850067793, 0.7844395432239536, 0.6569828666106836, 0.337685836830737, -0.1863810270705503, 0.4829044594367432, 0.1565710015431677, 0.11977336104858348, 0.8289548351812878, 0.6738449858251482, 0.49490433100665626, 0.5805783163844442, 0.871609599724023, 0.777990216245634, 0.672082340593682, 0.597171530126253, 0.697266363930053, 0.4485097351297524, 0.7252271014877621, 0.6566714838217058, 0.5201126789095476, 0.7689070085574267, 0.7156043630857146, 0.6247354317338384, 0.3490121121888471, 0.4476735379212975, 0.384848905115148, 0.38806698915432897]
Desired Output : [0, 0, 0, 0, 1, 0, 0, 0, 0, 0, 0, 0, 0, 0, 0, 0, 1, 0, 0, 0, 1, 1, 1, 0, 0, 0, 0, 0, 1, 0, 0, 0, 0, 1, 0, 0, 1, 0, 1, 1, 1, 0, 1, 0, 0, 0, 1, 1, 0, 1, 1, 0, 1, 1, 1, 1, 1, 1]
AUC ROC Score from testing : 0.5176767676767676

Fold : 3
Feature Set : ['201010_s_at', '206150_at']
Actual Output : [0.33053499600986935, -0.1793078723815406, 0.4371836595291217, 0.34786408029992005, 0.35812994717446733, 0.4002616948725296, 0.4882137628346724, 0.32415131654777846, 0.37966104858549543, 0.19472900796432258, 0.2503736326269936, 0.1478321987449301, 0.38456773378964343, -0.008677820931996259, 0.3219971962741965, 0.08927934661770075, 0.12129585070630726, 0.2450118957178499, 0.2879805757873323, 0.13922420471270244, 0.2871104164320047, 0.1833297602358888, 0.38218334753263056, 0.2836722619020204, 0.41167479491712944, 0.38182059189628376, 0.24646969890188267, 0.3245720840513799, 0.4722653979063125, 0.30008677435764486, 0.35398817837056495, 0.37725207099767694, 0.3705243913320068, 0.29544741790576706, 0.3187563524726363, 0.3269313651374886, 0.3667462965947171, 0.09828919039942036, 0.09623211541821208, 0.214240083946457, 0.26754010176491666, 0.4487796113902031, 0.4016590623344308, 0.04982149834621086, 0.16613814205535618, 0.10808043605178509, 0.27173736168768936, -0.01717315837001907, 0.15969554125102123, 0.325134119540562, 0.33034481539072585, 0.3474293685676894, 0.028264723868000118, 0.17438462239799196, 0.16455877663247417, 0.3529049681960951, 0.49057073952458985, 0.00404720395474431]
Desired Output : [0, 1, 0, 1, 0, 0, 0, 0, 0, 0, 0, 1, 0, 0, 0, 0, 0, 1, 0, 0, 1, 0, 0, 0, 0, 0, 0, 1, 1, 1, 0, 1, 0, 0, 0, 1, 0, 1, 1, 1, 0, 0, 0, 1, 0, 1, 1, 1, 1, 0, 1, 1, 1, 0, 0, 0, 1, 0]
AUC ROC Score from testing : 0.35858585858585856

Fold : 4
Feature Set : ['201010_s_at', '221756_at']
Actual Output : [0.3593094226388292, 0.2184001809563199, 0.4139063715857949, 0.3219844263921533, 0.23400175692065275, 0.41293037206584066, 0.29820860921276715, 0.24123302075341319, 0.0074597458256392855, 0.24050761517203378, 0.1463441290399578, 0.1322947463631111, 0.28753530615580075, -0.009327865635632848, 0.3608707823002944, 0.017090235495259534, 0.37670778782511205, 0.3580707947792357, 0.46070883718657274, 0.4044030477513193, 0.46911286558688625, 0.21863888868852577, 0.3567254847357496, -0.00574992840595743, -0.14349952320425424, 0.36048100211744544, 0.30771791590084646, -0.12323045602808849, 0.1197493082457044, 0.45235186250960996, 0.5285043926795624, 0.42146871474380615, 0.39474838344114827, -0.0653614912984111, 0.20222085166716955, 0.3737524712857086, 0.39233806660553683, 0.2361113078200762, 0.2935707059589466, 0.4162008354515168, 0.42809594703649423, 0.43482697669106957, 0.4582304354236175, 0.15601003125977847, -0.15941065312908384, 0.41246962087109407, 0.1272798245718148, 0.4089720625321078, 0.35173686946752103, 0.1768649665628921, 0.2987962485057497, 0.3649619941452829, 0.21640375359576533, 0.32841068310918525, 0.24333845297895335, 0.18773447032421597, 0.33275510062689917, 0.3780400510576286]
Desired Output : [0, 0, 1, 1, 0, 0, 0, 1, 0, 0, 0, 0, 0, 1, 1, 0, 0, 0, 1, 1, 0, 0, 1, 0, 0, 0, 1, 0, 1, 0, 0, 0, 1, 1, 1, 1, 1, 0, 0, 1, 0, 0, 0, 0, 1, 0, 1, 1, 0, 0, 1, 0, 0, 1, 0, 0, 0, 1]
AUC ROC Score from testing : 0.5303030303030303

Fold : 5
Feature Set : ['218252_at', '208719_s_at']
Actual Output : [0.6976613390956755, 0.81342232722672, 0.6260508101263469, 0.4745847451281559, 0.15205927435672945, 0.4667110251019457, 0.5323842655741887, 0.9462811240668917, 0.18941368548064863, 0.33587875006286766, 0.7329581521657135, 0.4974714531624592, 0.013867448289652534, 0.573193703696527, 0.5067690451876719, 0.6401402580573845, 0.6186838129852099, -0.09943210156224391, 0.6656777170439244, 0.617211265519851, 0.7218941121917581, 0.05040993388287438, 0.8700392445699033, 0.7852730426765421, 0.7051718004472444, 0.6847710239836206, 0.0553656809139721, 0.6057582720963306, 0.6483680384650292, 0.4918199420645372, 0.7472052649215708, 0.5992844141826739, 0.5309001031919292, 0.8446369813406418, 0.5062225916556921, 0.5998529625414376, 0.42388316456711195, 0.6633322006960716, 0.62137601188187, 0.44329904676113774, -0.1596518607526067, 0.21073137531383168, 0.8395250780281835, 0.22830419809289862, 0.4977216953591211, 0.5435451458278092, 0.5005167020779703, 0.576871343794231, 0.5289031911459456, 0.5123556368256283, 0.34801571166075296, 0.3833375988156774, 0.5042637043631641, 0.40929057663469504]
Desired Output : [0, 0, 1, 0, 0, 1, 0, 1, 0, 0, 0, 0, 0, 0, 0, 0, 0, 0, 0, 1, 0, 0, 0, 0, 0, 0, 1, 1, 1, 1, 0, 1, 0, 1, 0, 0, 0, 1, 0, 1, 1, 0, 1, 1, 1, 1, 0, 0, 1, 1, 0, 0, 0, 0]
AUC ROC Score from testing : 0.5278195488721805


#### Summary ####
Average AUC score : 0.487635
AUC score from feature selection in each fold : [0.6652298850574713, 0.644602048857368, 0.603448275862069, 0.6738505747126436, 0.6625000000000001]
Size of feature set which gives the highest AUC score from testing : 6
Feature set which gives the highest AUC score from testing : 
['201642_at', '212614_at', '204670_x_at', '209619_at', '219716_at', '204641_at']
Time Elapse : 87.8 minutes (1.46 hours)
#################################### Epoch : 3 ####################################
Fold : 1
Feature Set : ['213466_at', '209282_at']
Actual Output : [0.6772357593066358, 0.6799785213582941, 0.7020879171507768, 0.6404532534152868, 0.6338518957533876, 0.589686521845675, 0.7222469059101793, 0.7206415347688576, 0.7445994505399488, 0.7290008798849295, 0.6556062402291944, 0.6740027142943602, 0.6620324547678866, 0.53870945655557, 0.7077040401201227, 0.7120540175194933, 0.6900997108653542, 0.6964453868218751, 0.6456761552385046, 0.668525808015799, 0.7164719229266628, 0.6682944847057994, 0.6157799714453519, 0.6664041371287447, 0.6797383657085403, 0.6674093699237345, 0.6832361953384938, 0.6993879512646671, 0.6538745552938531, 0.7279719631713101, 0.7264427126260593, 0.5815927903647161, 0.7078600930204721, 0.6772885753817476, 0.7228922451577062, 0.6926682098309375, 0.6397769891065367, 0.6971806204322414, 0.5456277216146022, 0.590377379126149, 0.627415151732652, 0.7031538051817344, 0.6700183249334715, 0.5239991629962862, 0.7056806581298255, 0.672696659978081, 0.6790208471592688, 0.6824779172636353, 0.7038374585484592, 0.713581933579055, 0.7048033793859042, 0.7179509289667108, 0.7186965312785969, 0.6591716789190066, 0.6038883101869351, 0.7380948356507802, 0.7064543622394328, 0.7323446759192276]
Desired Output : [0, 0, 0, 0, 0, 0, 1, 1, 0, 0, 0, 0, 1, 1, 0, 0, 0, 1, 0, 1, 0, 0, 1, 0, 1, 0, 0, 1, 1, 0, 0, 0, 1, 0, 1, 1, 0, 0, 0, 1, 0, 0, 1, 1, 0, 1, 1, 1, 1, 1, 0, 0, 0, 0, 0, 0, 1, 0]
AUC ROC Score from testing : 0.47095959595959597

Fold : 2
Feature Set : ['201769_at', '202692_s_at', '209374_s_at']
Actual Output : [0.2556285088147307, 0.4243897738453561, 0.7610421837941811, 0.8730823165835909, 0.5032184063039018, 0.5552953518486776, 0.20592867378007815, 0.40088328511562765, 1.0147002107843106, 0.3953847654012942, 0.4434651912245004, 0.7984639843497874, 0.7657763407296269, 0.5154074393468736, 0.4064018214024439, 0.38864943067940144, 0.458892643331936, 0.19997462481452563, -0.5146371858774292, 0.43073506359109437, 0.7335619747029516, 0.08505825420557675, 0.9499263774709612, 0.2714241166653086, -0.5205746718779672, 0.6885001425145942, 0.20995504341065127, 0.6731748423577352, 0.5331972182935444, 0.7279917399406594, 0.694182850067793, 0.7844395432239536, 0.6569828666106836, 0.337685836830737, -0.1863810270705503, 0.4829044594367432, 0.1565710015431677, 0.11977336104858348, 0.8289548351812878, 0.6738449858251482, 0.49490433100665626, 0.5805783163844442, 0.871609599724023, 0.777990216245634, 0.672082340593682, 0.597171530126253, 0.697266363930053, 0.4485097351297524, 0.7252271014877621, 0.6566714838217058, 0.5201126789095476, 0.7689070085574267, 0.7156043630857146, 0.6247354317338384, 0.3490121121888471, 0.4476735379212975, 0.384848905115148, 0.38806698915432897]
Desired Output : [0, 0, 0, 0, 1, 0, 0, 0, 0, 0, 0, 0, 0, 0, 0, 0, 1, 0, 0, 0, 1, 1, 1, 0, 0, 0, 0, 0, 1, 0, 0, 0, 0, 1, 0, 0, 1, 0, 1, 1, 1, 0, 1, 0, 0, 0, 1, 1, 0, 1, 1, 0, 1, 1, 1, 1, 1, 1]
AUC ROC Score from testing : 0.5176767676767676

Fold : 3
Feature Set : ['206833_s_at', '214459_x_at', '215243_s_at', '220743_at']
Actual Output : [0.6598510080579466, 0.6584574230401767, 0.6447235785037654, 0.6925028453949507, 0.6402846260255799, 0.6340418548176214, 0.7220435177882122, 0.6828652145600824, 0.6833315096827927, 0.6951446845287993, 0.631204582381491, 0.6391955309629215, 0.6974280318129364, 0.7449033379976134, 0.6557781436254395, 0.6799994412210505, 0.4791376309497293, 0.6120052054795925, 0.6681539071755466, 0.5910461138874852, 0.5838307139738665, 0.5353140688259539, 0.7085409844512967, 0.6095210367993432, 0.5644583851030284, 0.6436610601014335, 0.6830289626246857, 0.597106810025121, 0.6663333180344165, 0.6126904733499267, 0.6180764729097366, 0.728246910307713, 0.7186074301732451, 0.6488997190972834, 0.6603983203851952, 0.6631033572721807, 0.6446244653826814, 0.648602559691011, 0.7275196740692984, 0.7193955942726855, 0.610169890907393, 0.6908949475680447, 0.6431314909360905, 0.703529282883916, 0.6646881094158212, 0.7124486280434571, 0.6988911507171045, 0.646478430168634, 0.5778461448992825, 0.7175968166543101, 0.5709529102529886, 0.7088374189905158, 0.7018288016923946, 0.7229216569605068, 0.6154058709916592, 0.7359479968142092, 0.6888160191711965, 0.6502627876363462]
Desired Output : [0, 1, 0, 1, 0, 0, 0, 0, 0, 0, 0, 1, 0, 0, 0, 0, 0, 1, 0, 0, 1, 0, 0, 0, 0, 0, 0, 1, 1, 1, 0, 1, 0, 0, 0, 1, 0, 1, 1, 1, 0, 0, 0, 1, 0, 1, 1, 1, 1, 0, 1, 1, 1, 0, 0, 0, 1, 0]
AUC ROC Score from testing : 0.5353535353535354

Fold : 4
Feature Set : ['201010_s_at', '221756_at']
Actual Output : [0.3593094226388292, 0.2184001809563199, 0.4139063715857949, 0.3219844263921533, 0.23400175692065275, 0.41293037206584066, 0.29820860921276715, 0.24123302075341319, 0.0074597458256392855, 0.24050761517203378, 0.1463441290399578, 0.1322947463631111, 0.28753530615580075, -0.009327865635632848, 0.3608707823002944, 0.017090235495259534, 0.37670778782511205, 0.3580707947792357, 0.46070883718657274, 0.4044030477513193, 0.46911286558688625, 0.21863888868852577, 0.3567254847357496, -0.00574992840595743, -0.14349952320425424, 0.36048100211744544, 0.30771791590084646, -0.12323045602808849, 0.1197493082457044, 0.45235186250960996, 0.5285043926795624, 0.42146871474380615, 0.39474838344114827, -0.0653614912984111, 0.20222085166716955, 0.3737524712857086, 0.39233806660553683, 0.2361113078200762, 0.2935707059589466, 0.4162008354515168, 0.42809594703649423, 0.43482697669106957, 0.4582304354236175, 0.15601003125977847, -0.15941065312908384, 0.41246962087109407, 0.1272798245718148, 0.4089720625321078, 0.35173686946752103, 0.1768649665628921, 0.2987962485057497, 0.3649619941452829, 0.21640375359576533, 0.32841068310918525, 0.24333845297895335, 0.18773447032421597, 0.33275510062689917, 0.3780400510576286]
Desired Output : [0, 0, 1, 1, 0, 0, 0, 1, 0, 0, 0, 0, 0, 1, 1, 0, 0, 0, 1, 1, 0, 0, 1, 0, 0, 0, 1, 0, 1, 0, 0, 0, 1, 1, 1, 1, 1, 0, 0, 1, 0, 0, 0, 0, 1, 0, 1, 1, 0, 0, 1, 0, 0, 1, 0, 0, 0, 1]
AUC ROC Score from testing : 0.5303030303030303

Fold : 5
Feature Set : ['217816_s_at', '221432_s_at', '211941_s_at', '208729_x_at']
Actual Output : [0.9279990957493884, 0.5910778638070316, 0.25011409344358043, 0.27327399207408537, 0.6345079952374315, 0.6141526456842333, 0.7399128136023337, 0.8342578834308646, 0.36389863990209725, 0.43846507064397416, 0.5281843205141437, 0.7384435899732963, 0.7145362769701078, -0.2385789893156757, 0.44830791766494227, 0.3283382569161173, 0.678595351164769, 0.40434588632798424, 0.3892152922430098, 0.7468590983827027, 0.3729798229048757, 0.8513680922887276, 0.6572812820447335, 0.5330858416611636, 0.7457067723685417, 0.7353675518955178, 0.6511240934245681, 0.7660752130996477, -0.01481774414423874, 0.35496596980465983, 0.8518020389519806, 0.6592706318760844, 0.7258649196697936, 0.7404478573885644, 0.4564000219283476, 0.31882962630192896, 0.7845696962978284, 0.5346329498853032, 0.4024457401957561, 0.7888760351899009, 0.36602175281484406, 0.4730166975612702, 0.4285411868656945, 0.5905531483834301, 0.5542152258973891, 0.4930881633878478, 0.7684612080750535, 0.6414558084196726, 0.5890531359054146, 0.5136601632241439, 0.6417465728732713, 0.5980040404057009, 0.6849020822930642, 0.4434752211372156]
Desired Output : [0, 0, 1, 0, 0, 1, 0, 1, 0, 0, 0, 0, 0, 0, 0, 0, 0, 0, 0, 1, 0, 0, 0, 0, 0, 0, 1, 1, 1, 1, 0, 1, 0, 1, 0, 0, 0, 1, 0, 1, 1, 0, 1, 1, 1, 1, 0, 0, 1, 1, 0, 0, 0, 0]
AUC ROC Score from testing : 0.49022556390977445


#### Summary ####
Average AUC score : 0.508904
AUC score from feature selection in each fold : [0.5574712643678161, 0.644602048857368, 0.7054597701149425, 0.6738505747126436, 0.5319444444444444]
Size of feature set which gives the highest AUC score from testing : 3
Feature set which gives the highest AUC score from testing : 
['201769_at', '202692_s_at', '209374_s_at']
Time Elapse : 20.54 minutes (0.34 hours)
#################################### Epoch : 4 ####################################
Fold : 1
Feature Set : ['201642_at', '212614_at', '204670_x_at', '209619_at', '219716_at', '204641_at']
Actual Output : [0.5362694400318437, 0.6571674254594129, 0.7146032390535052, 0.6086438288823415, 0.4395757438781237, 0.6523849612263376, 0.664401372360851, 0.6605406294164143, 0.6438565493075786, 0.5368501054184338, 0.5379161555572467, 0.6790608845644532, 0.6103743672507791, 0.5996048721279552, 0.6042057383450413, 0.6093597840824014, 0.6896527986779726, 0.6516047199008972, 0.5498005391546098, 0.6700471123712461, 0.713778885594829, 0.6919917289292842, 0.5917471466846002, 0.6635361994707428, 0.7169934180383148, 0.6910465865546366, 0.709427801968062, 0.6826424139819671, 0.6145741876939538, 0.6666427225310901, 0.72313402806411, 0.654210398432087, 0.5885031984670521, 0.41370726396504903, 0.6713817178375214, 0.6056071343723438, 0.6872209928330621, 0.6750850747509296, 0.6612601525954891, 0.6822522085233684, 0.6939101494132139, 0.6934868519303405, 0.7369809999307492, 0.6879138925874516, 0.6166146353210785, 0.6914947392887972, 0.6843337717242891, 0.7193612789877109, 0.6097977074765027, 0.6200822604860381, 0.7155097434211917, 0.7124450860919821, 0.7058515202492295, 0.6524756446210412, 0.20775285924668713, 0.6484369602292541, 0.6119307130776931, 0.6259747513584899]
Desired Output : [0, 0, 0, 0, 0, 0, 1, 1, 0, 0, 0, 0, 1, 1, 0, 0, 0, 1, 0, 1, 0, 0, 1, 0, 1, 0, 0, 1, 1, 0, 0, 0, 1, 0, 1, 1, 0, 0, 0, 1, 0, 0, 1, 1, 0, 1, 1, 1, 1, 1, 0, 0, 0, 0, 0, 0, 1, 0]
AUC ROC Score from testing : 0.5037878787878788

Fold : 2
Feature Set : ['201010_s_at', '209374_s_at', '214677_x_at']
Actual Output : [0.35421655624496357, 0.4695576120750096, 0.09164847544640493, 0.25251056056352467, 0.48847431085274623, 0.1256153702918537, 0.46345257090914443, 0.26261902209511623, 0.21915107629403915, 0.5030874265284324, 0.06664095222672776, 0.1437067717858666, 0.1423070276856508, 0.24414382088919775, 0.44650756552567844, 0.06733092695499257, 0.0069956899161179985, -0.0013796559309853613, 0.4264045592948706, 0.47959463686712295, 0.33828484185192115, 0.3409405933524814, 0.3688581116901891, 0.286587184714807, 0.3881880025567668, 0.23458658875118518, 0.3068595308868529, -0.7090175416329303, 0.5104771176704505, 0.3642895256394413, 0.5531996194299146, 0.46358656850604296, 0.33325362275816645, -0.3261907344061148, 0.3686631451258918, 0.2574969910909927, -0.1924896445343616, 0.4804084569789141, 0.09390506406723895, 0.30416615199587105, -0.28221557044988865, 0.3692016294828068, 0.3275001409517622, 0.21148813812855827, 0.42052108659419546, 0.5365041252268262, 0.2102395368867595, 0.310901345683043, 0.2148437414337493, 0.4492159391792202, 0.35158411721331084, 0.23371115732442527, 0.4316348141720953, -0.6479201606697189, -0.006732971485276249, 0.4085917352245616, 0.3101057533394596, 0.4471455765072986]
Desired Output : [0, 0, 0, 0, 1, 0, 0, 0, 0, 0, 0, 0, 0, 0, 0, 0, 1, 0, 0, 0, 1, 1, 1, 0, 0, 0, 0, 0, 1, 0, 0, 0, 0, 1, 0, 0, 1, 0, 1, 1, 1, 0, 1, 0, 0, 0, 1, 1, 0, 1, 1, 0, 1, 1, 1, 1, 1, 1]
AUC ROC Score from testing : 0.44570707070707066

Fold : 3
Feature Set : ['201010_s_at', '206150_at']
Actual Output : [0.33053499600986935, -0.1793078723815406, 0.4371836595291217, 0.34786408029992005, 0.35812994717446733, 0.4002616948725296, 0.4882137628346724, 0.32415131654777846, 0.37966104858549543, 0.19472900796432258, 0.2503736326269936, 0.1478321987449301, 0.38456773378964343, -0.008677820931996259, 0.3219971962741965, 0.08927934661770075, 0.12129585070630726, 0.2450118957178499, 0.2879805757873323, 0.13922420471270244, 0.2871104164320047, 0.1833297602358888, 0.38218334753263056, 0.2836722619020204, 0.41167479491712944, 0.38182059189628376, 0.24646969890188267, 0.3245720840513799, 0.4722653979063125, 0.30008677435764486, 0.35398817837056495, 0.37725207099767694, 0.3705243913320068, 0.29544741790576706, 0.3187563524726363, 0.3269313651374886, 0.3667462965947171, 0.09828919039942036, 0.09623211541821208, 0.214240083946457, 0.26754010176491666, 0.4487796113902031, 0.4016590623344308, 0.04982149834621086, 0.16613814205535618, 0.10808043605178509, 0.27173736168768936, -0.01717315837001907, 0.15969554125102123, 0.325134119540562, 0.33034481539072585, 0.3474293685676894, 0.028264723868000118, 0.17438462239799196, 0.16455877663247417, 0.3529049681960951, 0.49057073952458985, 0.00404720395474431]
Desired Output : [0, 1, 0, 1, 0, 0, 0, 0, 0, 0, 0, 1, 0, 0, 0, 0, 0, 1, 0, 0, 1, 0, 0, 0, 0, 0, 0, 1, 1, 1, 0, 1, 0, 0, 0, 1, 0, 1, 1, 1, 0, 0, 0, 1, 0, 1, 1, 1, 1, 0, 1, 1, 1, 0, 0, 0, 1, 0]
AUC ROC Score from testing : 0.35858585858585856

Fold : 4
Feature Set : ['206554_x_at', '201368_at', '218501_at', '214919_s_at']
Actual Output : [0.5907790911879996, 0.6975181008919746, 0.6509199592550485, 0.6140390985336311, 0.5021240297961418, 0.6056414182928789, 0.6032799930895574, 0.6271061146160707, 0.3637996335921773, 0.674531158284623, 0.6530379151555977, 0.3239634925225886, 0.5945193799158759, 0.6339857950178146, 0.6680811427381981, 0.6874348459622434, 0.6370145802104311, 0.5420972924723695, 0.6487779711903534, 0.5946749336043184, 0.6146735246622519, 0.6673516077981582, 0.5496153051822106, 0.6080579595215991, 0.5692481440988946, 0.644143148109448, 0.6332423133856261, 0.3456122289838502, 0.6018676871068015, 0.5037666439406071, 0.6506275837468298, 0.4427442159247259, 0.6967903256408149, 0.5785457314885888, 0.6233653105434984, 0.6470882725893733, 0.6730017808849453, 0.6665144752872486, 0.6295470646631994, 0.6588868916191131, 0.6799805145303106, 0.6493617847009524, 0.6992982692651769, 0.21242357532188777, 0.6610009475725792, 0.6376291773199205, 0.5940684108155017, 0.6412260094308715, 0.6880554398037525, 0.6329680242509627, 0.5906973152848137, 0.5473004404870173, 0.6250667814661051, 0.6512459729741144, 0.5472871869791852, 0.5888419040059649, 0.5576840265778169, 0.6044036281046262]
Desired Output : [0, 0, 1, 1, 0, 0, 0, 1, 0, 0, 0, 0, 0, 1, 1, 0, 0, 0, 1, 1, 0, 0, 1, 0, 0, 0, 1, 0, 1, 0, 0, 0, 1, 1, 1, 1, 1, 0, 0, 1, 0, 0, 0, 0, 1, 0, 1, 1, 0, 0, 1, 0, 0, 1, 0, 0, 0, 1]
AUC ROC Score from testing : 0.5984848484848484

Fold : 5
Feature Set : ['218252_at', '208719_s_at']
Actual Output : [0.6976613390956755, 0.81342232722672, 0.6260508101263469, 0.4745847451281559, 0.15205927435672945, 0.4667110251019457, 0.5323842655741887, 0.9462811240668917, 0.18941368548064863, 0.33587875006286766, 0.7329581521657135, 0.4974714531624592, 0.013867448289652534, 0.573193703696527, 0.5067690451876719, 0.6401402580573845, 0.6186838129852099, -0.09943210156224391, 0.6656777170439244, 0.617211265519851, 0.7218941121917581, 0.05040993388287438, 0.8700392445699033, 0.7852730426765421, 0.7051718004472444, 0.6847710239836206, 0.0553656809139721, 0.6057582720963306, 0.6483680384650292, 0.4918199420645372, 0.7472052649215708, 0.5992844141826739, 0.5309001031919292, 0.8446369813406418, 0.5062225916556921, 0.5998529625414376, 0.42388316456711195, 0.6633322006960716, 0.62137601188187, 0.44329904676113774, -0.1596518607526067, 0.21073137531383168, 0.8395250780281835, 0.22830419809289862, 0.4977216953591211, 0.5435451458278092, 0.5005167020779703, 0.576871343794231, 0.5289031911459456, 0.5123556368256283, 0.34801571166075296, 0.3833375988156774, 0.5042637043631641, 0.40929057663469504]
Desired Output : [0, 0, 1, 0, 0, 1, 0, 1, 0, 0, 0, 0, 0, 0, 0, 0, 0, 0, 0, 1, 0, 0, 0, 0, 0, 0, 1, 1, 1, 1, 0, 1, 0, 1, 0, 0, 0, 1, 0, 1, 1, 0, 1, 1, 1, 1, 0, 0, 1, 1, 0, 0, 0, 0]
AUC ROC Score from testing : 0.5278195488721805


#### Summary ####
Average AUC score : 0.486877
AUC score from feature selection in each fold : [0.6652298850574713, 0.6242816091954023, 0.603448275862069, 0.6494252873563218, 0.6625000000000001]
Size of feature set which gives the highest AUC score from testing : 6
Feature set which gives the highest AUC score from testing : 
['201642_at', '212614_at', '204670_x_at', '209619_at', '219716_at', '204641_at']
Time Elapse : 3.35 minutes (0.06 hours)
#################################### Epoch : 5 ####################################
Fold : 1
Feature Set : ['206220_s_at', '208071_s_at']
Actual Output : [0.06712935756536427, 0.2877782495810748, 0.10281460832146738, 0.1471518465172417, 0.08816978795677129, 0.009850514020516269, 0.11918839862250413, 0.01231998122413375, 0.21793198659995033, 0.2875950655039486, 0.08246127869631664, 0.301467810416602, 0.15590929052249097, 0.3358225245904931, 0.10325924047841331, 0.020209185864565327, 0.29014132497603906, 0.05939147789711147, 0.07515050733339695, 0.07167014816207025, 0.07316717400103591, 0.05143337158346525, -0.04340398572942863, 0.0932968359176898, 0.1208516852233425, 0.12577573090773733, 0.09696378169487703, -0.01802489813204146, -0.04048460656923899, 0.14112703532679413, 0.10591101860227184, -0.06772423654602083, 0.21927022972683471, 0.14264762768630565, 0.07711946971982207, -0.00933189920991757, -0.006051319279135356, 0.09650821552933973, 0.13611730762549737, 0.1741415513340825, 0.02378152461560292, 0.2949429656939044, 0.20259670426504678, 0.0135472170469821, 0.24567654385898327, 0.01659368031223271, 0.03821831651748908, 0.02140472343038539, 0.18320547499645795, 0.02555174730780944, 0.39165090028644384, 0.2861222576975732, 0.07662856784975665, 0.004850735284354499, -0.0015156745945240544, 0.11709359345324111, 0.2835130612033838, -0.013983027628632547]
Desired Output : [0, 0, 0, 0, 0, 0, 1, 1, 0, 0, 0, 0, 1, 1, 0, 0, 0, 1, 0, 1, 0, 0, 1, 0, 1, 0, 0, 1, 1, 0, 0, 0, 1, 0, 1, 1, 0, 0, 0, 1, 0, 0, 1, 1, 0, 1, 1, 1, 1, 1, 0, 0, 0, 0, 0, 0, 1, 0]
AUC ROC Score from testing : 0.4065656565656566

Fold : 2
Feature Set : ['213466_at', '218491_s_at', '212353_at', '208108_s_at', '216133_at', '215115_x_at']
Actual Output : [0.6425501659726399, 0.43817013046771475, 0.7519288656880793, 0.7921967347062829, 0.6520678360959411, 0.7394739850870247, 0.6071470244910679, 0.6898481919674214, 0.6696202450043998, 0.7022486257033607, 0.756775771389274, 0.9328976600196747, 0.6787227577014572, 0.7393716157685732, 0.5933159391452012, 0.71904994939005, 0.8513093479653105, 0.6371696967507595, 0.6778887406087275, 0.5845332832552872, 0.6733996023916522, 0.4344142641678795, 0.6210628068762719, 0.67732469419123, 0.652924364874046, 0.7016274668791013, 0.6034068605050635, 0.19928674155156537, 0.5711098639761966, 0.7152736204461092, 0.48520362077456686, 0.6657843712501593, 0.7134530329148375, 0.8098585950539069, 0.5966627980357855, 0.8656416482668526, 0.6790293012284863, 0.6467966997180423, 0.5294319054450342, 0.6637373062600594, 0.6122887670438366, 0.7333307403107221, 0.6735438575864175, -0.12974226740898978, 0.6737596690949683, 0.11408567540037852, 0.8078671368481019, 0.5862446299247147, 0.7705676449543094, 0.8166492278415461, 0.8366735118515516, 0.6750201592291496, 0.5948468470635337, 0.5757065367302246, 0.7031489149778831, 0.7209075366617681, 0.6239744034834278, 0.6076947035140575]
Desired Output : [0, 0, 0, 0, 1, 0, 0, 0, 0, 0, 0, 0, 0, 0, 0, 0, 1, 0, 0, 0, 1, 1, 1, 0, 0, 0, 0, 0, 1, 0, 0, 0, 0, 1, 0, 0, 1, 0, 1, 1, 1, 0, 1, 0, 0, 0, 1, 1, 0, 1, 1, 0, 1, 1, 1, 1, 1, 1]
AUC ROC Score from testing : 0.4696969696969697

Fold : 3
Feature Set : ['206833_s_at', '214459_x_at', '215243_s_at', '220743_at']
Actual Output : [0.6598510080579466, 0.6584574230401767, 0.6447235785037654, 0.6925028453949507, 0.6402846260255799, 0.6340418548176214, 0.7220435177882122, 0.6828652145600824, 0.6833315096827927, 0.6951446845287993, 0.631204582381491, 0.6391955309629215, 0.6974280318129364, 0.7449033379976134, 0.6557781436254395, 0.6799994412210505, 0.4791376309497293, 0.6120052054795925, 0.6681539071755466, 0.5910461138874852, 0.5838307139738665, 0.5353140688259539, 0.7085409844512967, 0.6095210367993432, 0.5644583851030284, 0.6436610601014335, 0.6830289626246857, 0.597106810025121, 0.6663333180344165, 0.6126904733499267, 0.6180764729097366, 0.728246910307713, 0.7186074301732451, 0.6488997190972834, 0.6603983203851952, 0.6631033572721807, 0.6446244653826814, 0.648602559691011, 0.7275196740692984, 0.7193955942726855, 0.610169890907393, 0.6908949475680447, 0.6431314909360905, 0.703529282883916, 0.6646881094158212, 0.7124486280434571, 0.6988911507171045, 0.646478430168634, 0.5778461448992825, 0.7175968166543101, 0.5709529102529886, 0.7088374189905158, 0.7018288016923946, 0.7229216569605068, 0.6154058709916592, 0.7359479968142092, 0.6888160191711965, 0.6502627876363462]
Desired Output : [0, 1, 0, 1, 0, 0, 0, 0, 0, 0, 0, 1, 0, 0, 0, 0, 0, 1, 0, 0, 1, 0, 0, 0, 0, 0, 0, 1, 1, 1, 0, 1, 0, 0, 0, 1, 0, 1, 1, 1, 0, 0, 0, 1, 0, 1, 1, 1, 1, 0, 1, 1, 1, 0, 0, 0, 1, 0]
AUC ROC Score from testing : 0.5353535353535354

Fold : 4
Feature Set : ['221224_s_at', '211451_s_at', '220407_s_at']
Actual Output : [0.4555201629544734, 0.21954830482244755, -0.09017464878843827, 0.4652330738481394, 0.21800690489916508, 0.4218903210162244, 0.46382143125863434, 0.30447660733751597, 0.06913808607707082, 0.2794910973244496, 0.3913597043020527, 0.08514933039538702, 0.3600901352333215, 0.39746447695908166, -0.011992141163283352, 0.06789601430309883, 0.07351974658810015, 0.4429987541114713, 0.09414575346280704, 0.20859993543006744, 0.38337971908781593, 0.14113391248391585, 0.20276393165479303, 0.22122021170903103, 0.36049936267616994, -0.10960664860351703, -0.03094031475722548, 0.39172093241276135, -0.1740417187350556, 0.3900316288129883, 0.20747887787437003, 0.42307829029275623, 0.27840193481294184, 0.4169427562801393, 0.21411965652812429, 0.044448466372318814, 0.06443132346002908, 0.15493844511114102, 0.38954831814507357, 0.2565789765040934, 0.4517821212089247, 0.0414104299220276, 0.24688570973291377, 0.28659850743454585, 0.21914266388350095, 0.4694659612437451, 0.18323231224694322, -0.04334426578640064, 0.10605175272759812, -0.09290982353142793, 0.2832292220310436, 0.47533879131130335, 0.34011879099814346, 0.049810115637247646, 0.44223312623227334, 0.4316273176212344, 0.4250220445938174, 0.016694802201426464]
Desired Output : [0, 0, 1, 1, 0, 0, 0, 1, 0, 0, 0, 0, 0, 1, 1, 0, 0, 0, 1, 1, 0, 0, 1, 0, 0, 0, 1, 0, 1, 0, 0, 0, 1, 1, 1, 1, 1, 0, 0, 1, 0, 0, 0, 0, 1, 0, 1, 1, 0, 0, 1, 0, 0, 1, 0, 0, 0, 1]
AUC ROC Score from testing : 0.28661616161616166

Fold : 5
Feature Set : ['217816_s_at', '221432_s_at', '211941_s_at', '208729_x_at']
Actual Output : [0.9279990957493884, 0.5910778638070316, 0.25011409344358043, 0.27327399207408537, 0.6345079952374315, 0.6141526456842333, 0.7399128136023337, 0.8342578834308646, 0.36389863990209725, 0.43846507064397416, 0.5281843205141437, 0.7384435899732963, 0.7145362769701078, -0.2385789893156757, 0.44830791766494227, 0.3283382569161173, 0.678595351164769, 0.40434588632798424, 0.3892152922430098, 0.7468590983827027, 0.3729798229048757, 0.8513680922887276, 0.6572812820447335, 0.5330858416611636, 0.7457067723685417, 0.7353675518955178, 0.6511240934245681, 0.7660752130996477, -0.01481774414423874, 0.35496596980465983, 0.8518020389519806, 0.6592706318760844, 0.7258649196697936, 0.7404478573885644, 0.4564000219283476, 0.31882962630192896, 0.7845696962978284, 0.5346329498853032, 0.4024457401957561, 0.7888760351899009, 0.36602175281484406, 0.4730166975612702, 0.4285411868656945, 0.5905531483834301, 0.5542152258973891, 0.4930881633878478, 0.7684612080750535, 0.6414558084196726, 0.5890531359054146, 0.5136601632241439, 0.6417465728732713, 0.5980040404057009, 0.6849020822930642, 0.4434752211372156]
Desired Output : [0, 0, 1, 0, 0, 1, 0, 1, 0, 0, 0, 0, 0, 0, 0, 0, 0, 0, 0, 1, 0, 0, 0, 0, 0, 0, 1, 1, 1, 1, 0, 1, 0, 1, 0, 0, 0, 1, 0, 1, 1, 0, 1, 1, 1, 1, 0, 0, 1, 1, 0, 0, 0, 0]
AUC ROC Score from testing : 0.49022556390977445


#### Summary ####
Average AUC score : 0.437692
AUC score from feature selection in each fold : [0.6217494089834515, 0.6709770114942529, 0.7054597701149425, 0.7005516154452325, 0.5319444444444444]
Size of feature set which gives the highest AUC score from testing : 4
Feature set which gives the highest AUC score from testing : 
['206833_s_at', '214459_x_at', '215243_s_at', '220743_at']
Time Elapse : 3.34 minutes (0.06 hours)

Average AUC score over 5 epoch : 0.476244


Feature frequency :
1. 201010_s_at : 8
2. 209374_s_at : 5
3. 206150_at : 3
4. 221756_at : 3
5. 206220_s_at : 2
6. 208071_s_at : 2
7. 214677_x_at : 2
8. 221224_s_at : 2
9. 220407_s_at : 2
10. 201642_at : 2

Total Time Elapse : 125.71 minutes (2.1 hours)
