The first dataset : GSE2034-22071 (edited).csv
The second dataset : GSE3494_GPL96.csv
Number of epochs : 2
Number of folds : 5
Number of top-ranked features : 10

#################################### Epoch : 1 ####################################

#### Fold 1 ####
Fold : 1
Feature Set : ['211004_s_at', '220743_at', '202216_x_at', '201076_at']
Actual Output : [0.9956153190750112, 0.9961616585845096, 0.9956090214885595, 0.9953505782255314, 0.9945193123130883, 0.9957004219868099, 0.9949086028648022, 0.9962540202773349, 0.9951384758382681, 0.9957641472314374, 0.9957790452326098, 0.9953904054700675, 0.996434265025404, 0.9960433661279107, 0.9955119172342404, 0.9952165733755548, 0.9949537184647628, 0.9957281430500295, 0.9960207778733744, 0.995122551658178, 0.9951777298375143, 0.9955806832015341, 0.9955385210540973, 0.9949164182096791, 0.995737611151746, 0.9958978579407641, 0.995720374097811, 0.9955319631921156, 0.9950819950214052, 0.9956052144795452, 0.995599709712007, 0.9964314513679298, 0.9946712140829562, 0.9962412087462534, 0.9962928716316616, 0.996221513842016, 0.9959166852521709, 0.9953689111299916, 0.99524428379493, 0.9961446832619644, 0.9953135196218205, 0.994690150281045, 0.9953142510950822, 0.9952729368712128, 0.9955565188628495, 0.9950615044010525, 0.9953379709749017, 0.9960187207122945, 0.9957422967337638, 0.9958872448201713, 0.9953414475524687]
Desired Output : [1, 0, 0, 0, 0, 0, 0, 0, 0, 0, 0, 0, 0, 0, 0, 0, 0, 0, 1, 0, 0, 0, 0, 0, 0, 1, 0, 0, 0, 0, 1, 0, 0, 1, 1, 1, 1, 0, 0, 0, 0, 0, 1, 1, 0, 0, 1, 0, 1, 0, 0]
AUC ROC Score from testing : 0.6923076923076923

Fold elapse time : 0.03 minutes 


#### Fold 2 ####
Fold : 2
Feature Set : ['211004_s_at', '220743_at', '202216_x_at', '201076_at']
Actual Output : [0.9967344045390921, 0.9950767700466067, 0.9948855038425581, 0.9953346835196861, 0.9958447838040299, 0.9955060772392766, 0.9957784453217242, 0.994577905622346, 0.9957821518729382, 0.9952231861887781, 0.994936091733484, 0.9950104869384214, 0.9960515020641657, 0.9947491991905321, 0.9957328525549568, 0.9955218598640474, 0.9943361833791255, 0.9952164334859549, 0.9954199114767923, 0.9959791551796051, 0.9948648384408625, 0.9951114121674571, 0.9954783407213574, 0.9957295694086801, 0.9958233184996274, 0.9955198001974175, 0.9964852222081221, 0.9961622057163101, 0.9944271678855794, 0.9955605933984063, 0.9959264326173768, 0.995548311302541, 0.9952865791849473, 0.9953042928221546, 0.9957182909909585, 0.9959027789771705, 0.9953093092544133, 0.9961156325708929, 0.9952481951410818, 0.9951461460473705, 0.9954230905670902, 0.9961471953636054, 0.9955967551072468, 0.9946721588736542, 0.9954410762648094, 0.9955427517355264, 0.9956868389702056, 0.9959591764440455, 0.9959160441878061, 0.9959544501837774, 0.9950418385213865]
Desired Output : [1, 1, 0, 0, 1, 0, 1, 0, 0, 0, 0, 0, 0, 0, 0, 1, 0, 0, 0, 0, 0, 0, 0, 1, 0, 0, 0, 0, 0, 0, 0, 1, 0, 0, 0, 0, 0, 0, 0, 0, 0, 0, 1, 0, 1, 0, 1, 0, 0, 1, 1]
AUC ROC Score from testing : 0.6153846153846154

Fold elapse time : 0.03 minutes 


#### Fold 3 ####
Fold : 3
Feature Set : ['211004_s_at', '220743_at', '202216_x_at', '201076_at']
Actual Output : [0.9967591571037624, 0.9970550238241586, 0.995960452474168, 0.9962043058869486, 0.9967275341890112, 0.9962745377182219, 0.9956523731579049, 0.9962333511138977, 0.9953808104560604, 0.9963394542310801, 0.9952751384687946, 0.996170317842944, 0.9960573472415503, 0.9960991189241069, 0.9959489261789493, 0.9957363749842371, 0.9968172957469178, 0.9959129388675881, 0.9968448811511306, 0.9946602694021105, 0.996532849155263, 0.9961754733001671, 0.9969073830859886, 0.9960331835736244, 0.9955969967487472, 0.9954226502395156, 0.996551656850824, 0.9960602018982447, 0.9952865056380614, 0.9962533909275426, 0.9961359478801809, 0.9958008368739422, 0.9952729188434284, 0.9960401996362767, 0.9956453013877258, 0.9966741181927624, 0.9959111851739904, 0.9963598070032389, 0.9963953466362404, 0.9966130032935717, 0.9945663811123172, 0.9966201739179618, 0.9957189351251001, 0.9962873352270107, 0.9949380525509247, 0.9964771694984497, 0.9971399426054803, 0.9957239644990369, 0.995477008663376, 0.9954412462833864, 0.9961636427647244]
Desired Output : [0, 1, 0, 0, 1, 0, 1, 0, 0, 0, 0, 0, 0, 0, 0, 1, 0, 1, 0, 0, 0, 0, 1, 0, 0, 0, 0, 0, 0, 0, 1, 0, 0, 0, 0, 0, 0, 1, 0, 0, 0, 0, 0, 1, 0, 0, 1, 0, 0, 1, 1]
AUC ROC Score from testing : 0.6431623931623931

Fold elapse time : 0.03 minutes 


#### Fold 4 ####
Fold : 4
Feature Set : ['211004_s_at', '220743_at', '202216_x_at', '201076_at']
Actual Output : [0.9957583350694428, 0.9951936293587892, 0.9950685244744639, 0.9949958599249263, 0.995068389415517, 0.9954574746144121, 0.9956600690164066, 0.9972312903389896, 0.9955248674515387, 0.9960414374140788, 0.9956045673468665, 0.9942170984566542, 0.9950691312055508, 0.9951474427118644, 0.9955805308686145, 0.9958360825539271, 0.9948798661723762, 0.9960665252960343, 0.9963755358982469, 0.9966951976666021, 0.9963478892927282, 0.9958128643818387, 0.9967250083381347, 0.9953129192850537, 0.9943293399680251, 0.9963703466783301, 0.9961848234061177, 0.9954578841549031, 0.9949585417843664, 0.9962294316680873, 0.9964031573006611, 0.9950649385749525, 0.9963026999553029, 0.9953371551353507, 0.9964635022222584, 0.9968099777597057, 0.9966035646424, 0.9957567750861608, 0.9955097402876002, 0.9954073322699011, 0.9949246952449974, 0.996016161475682, 0.9953671420921549, 0.9949968974071766, 0.9946361058006137, 0.9965849786387658, 0.9962040743974939, 0.9944994116274544, 0.9958620379999934, 0.9965902924437507, 0.995612284608534]
Desired Output : [0, 0, 0, 1, 0, 0, 0, 0, 1, 0, 0, 0, 0, 0, 0, 0, 0, 0, 1, 0, 0, 0, 0, 0, 0, 0, 1, 1, 1, 0, 0, 0, 0, 0, 0, 1, 1, 1, 0, 1, 1, 0, 0, 0, 0, 0, 0, 1, 0, 0, 0]
AUC ROC Score from testing : 0.45299145299145294

Fold elapse time : 0.03 minutes 


#### Fold 5 ####
Fold : 5
Feature Set : ['211004_s_at', '220743_at', '202216_x_at', '201076_at']
Actual Output : [0.9949619797891425, 0.9958631687581336, 0.9942449529549011, 0.9943348356602418, 0.9947501178881814, 0.9953025219772006, 0.9952033333908292, 0.9946147422857533, 0.9948407888292751, 0.9951759051222497, 0.9941337601636008, 0.9951471795448682, 0.9953637666256815, 0.9941138237153408, 0.995390841855654, 0.9950250513087943, 0.993909169205798, 0.9948823378726739, 0.9954972583875433, 0.9948618944517816, 0.9955750355311273, 0.9959439985196982, 0.99447253046147, 0.9951377029622772, 0.9949217129050049, 0.9951144919138849, 0.9945177378988345, 0.9947862767177192, 0.9931050222902358, 0.9952280904721452, 0.9950838071623196, 0.9949179340439284, 0.9948738915582026, 0.9946275252410259, 0.9951504443262145, 0.9962353211855933, 0.9948554630890809, 0.995136564332635, 0.995696714804196, 0.995406790282004, 0.9946575708438748, 0.9956347161312864, 0.9954063257212199, 0.9952724819493649, 0.9953798313707709, 0.9951005598897358]
Desired Output : [0, 1, 0, 1, 1, 0, 0, 1, 0, 0, 0, 0, 1, 0, 0, 0, 0, 0, 1, 0, 0, 0, 0, 0, 0, 1, 0, 1, 0, 0, 0, 0, 0, 0, 0, 1, 0, 0, 0, 0, 0, 0, 0, 0, 0, 1]
AUC ROC Score from testing : 0.5527777777777778

Fold elapse time : 0.04 minutes 


#### Summary ####
Average AUC score : 0.591325
Maximum AUC score : 0.6923076923076923
Size of feature set which gives the highest AUC score from testing : 4
Feature set which gives the highest AUC score from testing : 
['211004_s_at', '220743_at', '202216_x_at', '201076_at']
Time Elapse : 0.94 minutes (0.02 hours)

#################################### Epoch : 2 ####################################

#### Fold 1 ####
Fold : 1
Feature Set : ['215778_x_at', '211451_s_at', '220618_s_at', '218999_at', '213391_at', '209374_s_at']
Actual Output : [0.9542794567603493, 0.9544688099842413, 0.9373051340248416, 0.9545392554200337, 0.9506877903766167, 0.93842190753292, 0.9432308091765597, 0.9537103427243043, 0.9619553451598194, 0.9515644159003067, 0.944898807399199, 0.9613526717146457, 0.9523792357620949, 0.951808888730375, 0.9560680214610933, 0.9642541319064138, 0.9507361926767376, 0.9494432850804632, 0.9635103408312334, 0.9487561110389079, 0.9382098940841977, 0.9465901103404354, 0.9479168282800806, 0.9646805207777653, 0.9622598678299179, 0.9496974565866981, 0.9455774442348478, 0.940182705295575, 0.9470991336954018, 0.9566288247324746, 0.9434377392556924, 0.9351644338992848, 0.9450286209750377, 0.9537816487113525, 0.9492907546593514, 0.9471429096603061, 0.9562069496185915, 0.948945002832202, 0.9576262513880839, 0.9336320740590361, 0.9517672349584544, 0.937270172576042, 0.9557581175446991, 0.9549966751782479, 0.9486861834142817, 0.9453446182672837, 0.9539276295359748, 0.9396536973587345, 0.9547375230078281, 0.9550574841229189, 0.9558387626406859]
Desired Output : [0, 1, 0, 0, 0, 0, 0, 0, 1, 0, 1, 0, 0, 0, 0, 1, 0, 0, 1, 0, 0, 0, 0, 0, 0, 0, 0, 0, 0, 1, 1, 0, 1, 0, 1, 0, 0, 1, 0, 0, 0, 0, 0, 0, 0, 1, 0, 0, 0, 1, 0]
AUC ROC Score from testing : 0.5876068376068376

Fold elapse time : 0.03 minutes 


#### Fold 2 ####
Fold : 2
Feature Set : ['215778_x_at', '211451_s_at', '220618_s_at', '218999_at', '213391_at', '209374_s_at']
Actual Output : [0.9601199120130335, 0.9445511609041944, 0.9444924864193922, 0.9469142893267387, 0.9515397934500435, 0.9282602965877281, 0.9549861182623747, 0.949098806534106, 0.9524664187332477, 0.9581363321770423, 0.9549174561786984, 0.9509840248870466, 0.9332026220796118, 0.9491963569930768, 0.9335954984109481, 0.9370947047864726, 0.9431654701154792, 0.9458863549507637, 0.9565734070074875, 0.9533302041822185, 0.9517874693328399, 0.958531032532309, 0.9496970330328857, 0.947859628583031, 0.9570588387194282, 0.9387060687278619, 0.9625612695090605, 0.9492851817084494, 0.9580557568603995, 0.9444948688494021, 0.9568075160720727, 0.9463641909795734, 0.9442859797372012, 0.9500536502262173, 0.93363558287601, 0.9399877256129895, 0.9310081628604983, 0.9462025106997035, 0.9532376127951367, 0.9518193124139784, 0.935445429422119, 0.9488031751342597, 0.9486993568019974, 0.9565292069657668, 0.9513838156724365, 0.9303321206934297, 0.9557001092890983, 0.9423695743694596, 0.9459595429195589, 0.9505949042688977, 0.9569797847802043]
Desired Output : [0, 0, 0, 0, 0, 0, 1, 1, 0, 0, 0, 0, 0, 0, 0, 0, 0, 0, 0, 0, 0, 0, 0, 0, 1, 0, 0, 0, 0, 1, 0, 0, 0, 1, 1, 0, 0, 0, 1, 0, 0, 0, 0, 0, 0, 1, 1, 1, 1, 0, 1]
AUC ROC Score from testing : 0.5064102564102564

Fold elapse time : 0.03 minutes 


#### Fold 3 ####
Fold : 3
Feature Set : ['215778_x_at', '211451_s_at', '220618_s_at', '218999_at', '213391_at', '209374_s_at']
Actual Output : [0.9559814208498209, 0.9365505621442842, 0.9616008338852609, 0.9511693153037, 0.9554684271556932, 0.9478194764167895, 0.9613051866298523, 0.9514109405983167, 0.9608228540686612, 0.9509916926177177, 0.9422613989977308, 0.9439905163370587, 0.9558719968132725, 0.9499009452085325, 0.9578666740476326, 0.9523511207325918, 0.9507608221146155, 0.956658510322089, 0.9488438602048591, 0.9598141893107112, 0.93147275933476, 0.9510151352938677, 0.9554165974659874, 0.9553845481687361, 0.94079541438441, 0.9393051748033633, 0.9420995016631938, 0.9356198823982287, 0.9523869820403169, 0.9604552591476322, 0.9610127744373285, 0.9461055226019999, 0.9549521011149282, 0.9567174142063745, 0.9543146517665241, 0.9232147629692838, 0.9612271938824114, 0.9325099003766657, 0.9464104772828268, 0.9398823828187174, 0.9618022896496948, 0.9532073720144246, 0.953941304092285, 0.9588591896695415, 0.9454556937085298, 0.9604493828658203, 0.9392786781414204, 0.9603316178651968, 0.956518947695712, 0.8919978167599747, 0.9630057388227868]
Desired Output : [1, 0, 1, 0, 0, 0, 0, 0, 1, 1, 0, 0, 0, 0, 1, 0, 0, 0, 0, 0, 1, 0, 1, 0, 0, 0, 1, 0, 0, 0, 0, 0, 0, 1, 0, 0, 0, 0, 0, 0, 0, 0, 0, 0, 0, 0, 1, 0, 1, 1, 0]
AUC ROC Score from testing : 0.5106837606837608

Fold elapse time : 0.03 minutes 


#### Fold 4 ####
Fold : 4
Feature Set : ['215778_x_at', '211451_s_at', '220618_s_at', '218999_at', '213391_at', '209374_s_at']
Actual Output : [0.9441350093387942, 0.96247496975998, 0.952159921647758, 0.9463697552886868, 0.9545325847453218, 0.9527720935844748, 0.9556224562532295, 0.958228193512802, 0.9572083109824275, 0.959072306965769, 0.9567770431722624, 0.9427996492623386, 0.9545692053331651, 0.9438833768457878, 0.9505672508932841, 0.9531747155476288, 0.9385458889273327, 0.9524474134529987, 0.958948697239146, 0.9586624595957411, 0.9447807024301828, 0.9580132039614624, 0.9564336863221069, 0.9319287042327462, 0.9372187286573095, 0.9382602372584962, 0.9620860237031694, 0.9505687876369049, 0.955565051721102, 0.9562987474695493, 0.9454720777701735, 0.9558448890660722, 0.9465366301447633, 0.9566748696060494, 0.959911011254029, 0.9530627247838458, 0.9491999549724403, 0.955960066098147, 0.9413889241095382, 0.9549425306650091, 0.9676630234562803, 0.9574394817194262, 0.9494076738246597, 0.96516602583364, 0.9668106751564745, 0.961761712214515, 0.9609188405334388, 0.9575365366006331, 0.9624039394357251, 0.948500899892942, 0.9612270172534182]
Desired Output : [0, 1, 0, 0, 0, 0, 0, 0, 0, 0, 0, 0, 0, 0, 0, 0, 0, 0, 0, 0, 1, 0, 1, 0, 0, 0, 0, 0, 0, 0, 0, 1, 0, 0, 0, 1, 0, 0, 1, 1, 0, 1, 1, 0, 1, 0, 0, 1, 0, 0, 1]
AUC ROC Score from testing : 0.5747863247863249

Fold elapse time : 0.03 minutes 


#### Fold 5 ####
Fold : 5
Feature Set : ['215778_x_at', '211451_s_at', '220618_s_at', '218999_at', '213391_at', '209374_s_at']
Actual Output : [0.9576417115887307, 0.9386653296222905, 0.951349358558834, 0.9407163014054113, 0.947012843086127, 0.9442481195553336, 0.936418303062203, 0.9428816581714485, 0.9456143459392864, 0.9476264257246654, 0.950811488657072, 0.9385614644740204, 0.930917474138186, 0.9392863221405736, 0.9544205380874092, 0.944350302334492, 0.9577009927856455, 0.942455966659546, 0.9565656055829797, 0.9497566243172769, 0.9485825500180239, 0.9474601727907626, 0.9583275310237697, 0.9562831408537747, 0.9492842194762762, 0.9421327048355002, 0.9475144000702785, 0.9536812889532661, 0.9591012626529946, 0.9285424851856763, 0.9310526872742426, 0.9584348554967327, 0.9266538590478107, 0.9405435841594704, 0.9413432930107324, 0.9481538008952279, 0.9592370316223923, 0.9577331561295103, 0.9481098296967215, 0.9527507210163707, 0.9445368471763328, 0.9544535264680363, 0.9519672641480962, 0.9481304047418995, 0.947613213877583, 0.9366800144879122]
Desired Output : [1, 1, 0, 0, 1, 0, 0, 0, 0, 0, 0, 0, 1, 0, 0, 0, 0, 0, 1, 0, 0, 0, 0, 0, 1, 0, 1, 0, 0, 1, 0, 0, 0, 0, 0, 1, 1, 0, 0, 0, 0, 0, 0, 0, 0, 0]
AUC ROC Score from testing : 0.5027777777777778

Fold elapse time : 0.03 minutes 


#### Summary ####
Average AUC score : 0.536453
Maximum AUC score : 0.5876068376068376
Size of feature set which gives the highest AUC score from testing : 6
Feature set which gives the highest AUC score from testing : 
['215778_x_at', '211451_s_at', '220618_s_at', '218999_at', '213391_at', '209374_s_at']
Time Elapse : 0.88 minutes (0.01 hours)

Average AUC score over 2 epoch : 0.563889


Feature frequency :
1. 211004_s_at : 1
2. 220743_at : 1
3. 202216_x_at : 1
4. 201076_at : 1
5. 215778_x_at : 1
6. 211451_s_at : 1
7. 220618_s_at : 1
8. 218999_at : 1
9. 213391_at : 1
10. 209374_s_at : 1

Total elapse time : 3.08 minutes (0.05 hours) 
