Dataset : GSE2034-22071 (edited).csv
Number of epochs : 2
Number of folds : 5
Number of top-ranked features : 10

#################################### Epoch : 1 ####################################
Fold : 1
Feature Set : ['217747_s_at', '200081_s_at', '220743_at', '201369_s_at']
Actual Output : [0.5984883122904097, 0.6484355539255737, 0.4714885807879722, 0.6243813758188, 0.7044146302865165, 0.6510511696526853, 0.6504270002264538, 0.567992684438136, 0.6202287565841629, 0.5922553335399916, 0.6343225715115779, 0.6616499687261792, 0.6150457765954889, 0.5788440328411284, 0.5234878944387166, 0.6561235664595929, 0.557505270399748, 0.6189902415013475, 0.7171381308733301, 0.6620213727129024, 0.5533009722217264, 0.7068684057792739, 0.6955596990727304, 0.535516990096323, 0.3852944954223561, 0.6100705280983679, 0.6616160457718573, 0.6395027402843205, 0.6359324677140199, 0.5959198629956471, 0.6090916457458571, 0.6367005456401208, 0.6785621036403213, 0.5811641197549728, 0.7062877462236833, 0.5936012220753062, 0.36473318663034315, 0.6360927467007507, 0.6947430530789571, 0.7080832672018968, 0.6121684154990966, 0.6626263894313069, 0.647860528672462, 0.5118965205018352, 0.662723948356498, 0.6770271750614826, 0.6664862499221986, 0.5490945241975108, 0.584373930490147, 0.5980244047124268, 0.6629431286648041, 0.5286678383657636, 0.6415372453011279, 0.6051088316038515, 0.6682017506250094, 0.6141362666190553, 0.6280221365099079, 0.6958664101461939]
Desired Output : [0, 0, 0, 0, 0, 1, 0, 1, 1, 0, 0, 0, 0, 0, 1, 0, 1, 0, 0, 0, 0, 1, 1, 1, 0, 0, 1, 1, 0, 1, 0, 1, 0, 0, 0, 0, 1, 0, 0, 1, 1, 1, 0, 0, 0, 1, 0, 1, 1, 0, 0, 0, 1, 1, 0, 0, 1, 0]
AUC ROC Score from testing : 0.4532828282828283

Fold : 2
Feature Set : ['220754_at', '216721_at', '211280_s_at', '222077_s_at']
Actual Output : [0.04631743262694529, 0.019731497497610752, 0.02162322372672611, 0.15806123300297978, 0.07026969902056135, 0.3081173238701033, 0.02063956926428162, 0.2670712430556501, 0.33954777744911935, 0.12876409588753532, 0.17602996968152407, -0.026870221388970203, 0.24263647088207072, 0.1108599692103055, -0.06927578149416427, 0.16996526937278733, -0.0005752759373001047, 0.2163918297138652, 0.2523634133987319, 0.07119801226481434, 0.2681222478771079, 0.12034999430989471, 0.29075012993103205, 0.049043092449978044, -0.1591802588280458, 0.027362964591381413, 0.1820355559428595, 0.09412476812725325, -0.0636848569474609, 0.12886133460755195, 0.04485604662431225, 0.027670386190745237, 0.09619096529525226, 0.2267923070991817, -0.1614211842606898, 0.12623324550575352, 0.05083571596428823, 0.12668525276938586, 0.04601511542257003, -0.08448231121738488, 0.2890421815807768, 0.1283891917404736, 0.09544044501018227, 0.12374989622561233, 0.10235897876607353, 0.1463526389965304, 0.087318030840466, 0.0756881265224347, -0.030474103724931416, 0.4026449815053334, 0.16699819311941372, 0.29332656685196506, 0.2577461102778036, 0.08698410688039873, 0.13065041055492113, 0.00038883777269646845, 0.4484484672257644, 0.34906305932008186]
Desired Output : [0, 0, 0, 0, 0, 1, 0, 1, 1, 0, 0, 0, 0, 0, 1, 0, 0, 1, 0, 1, 0, 0, 1, 1, 0, 0, 0, 0, 0, 0, 0, 0, 1, 1, 0, 1, 0, 1, 0, 0, 0, 1, 1, 1, 0, 1, 0, 0, 0, 0, 1, 1, 1, 1, 1, 1, 0, 0]
AUC ROC Score from testing : 0.6565656565656566

Fold : 3
Feature Set : ['219179_at', '206249_at']
Actual Output : [0.6152553067410362, 0.5079951005444793, 0.4788439283682661, 0.6293739013646673, 0.0663618769933489, -0.140504689241181, 0.5127138100774732, -0.024798319828993283, 0.5215444699590416, 0.034146313195870484, 0.17356834286759, 0.1509156038250118, 0.4829893915008603, 0.5315598480132346, 0.04794269247699739, 0.3350385245528292, 0.37331793263119994, -0.01565954337163911, 0.6374664175968885, 0.8209976975914797, 0.3974973738472658, -0.609151371691539, 0.3352641859487766, 0.2705196967437201, 0.18531271247065176, -0.25571839842164873, -0.31153394153515296, 0.4634748860669888, 0.6489734950909551, -0.8257195593007263, 0.5243938655772039, 0.8161365848329075, 0.6633197234718793, 0.5815229315811014, 0.45076553336554154, -0.17525239026411768, 0.003907753036273436, 0.10580904466139071, 0.6098902729586919, -0.2423826749957357, 0.16474735261706525, 0.5258102139967908, 0.48928064914715114, 0.5492010953449843, 0.6777914619473832, 0.3585687524649333, 0.4881871454887165, -0.021737425832880054, 0.5023125206605573, 0.3490409428850187, -0.32279702613294176, 0.6526495302886247, 0.24449368182056352, -0.5254414995486204, 0.18163176068476564, 0.45419471166368064, 0.49791686661494367, 0.5368077879853881]
Desired Output : [0, 1, 1, 1, 0, 0, 1, 0, 0, 0, 0, 0, 0, 0, 0, 1, 0, 0, 0, 0, 0, 0, 0, 0, 1, 0, 0, 0, 1, 0, 0, 0, 0, 1, 1, 1, 1, 0, 1, 1, 0, 0, 1, 1, 1, 0, 1, 1, 1, 1, 1, 0, 0, 0, 0, 0, 1, 0]
AUC ROC Score from testing : 0.5858585858585859

Fold : 4
Feature Set : ['210019_at', '220387_s_at']
Actual Output : [0.14080813136780532, 0.2828562362853046, 0.20200946162894756, -0.010211039328186497, 0.025231325886095904, 0.12361491576788741, 0.058215711053229625, 0.21568142737671797, -0.00401677553123361, 0.05603961433804361, 0.05929571578963059, -0.013121939199830934, -0.009729119326119792, 0.19937933679276834, 0.29475875304770055, 0.19987605790976168, 0.2100907400752566, 0.035835867822349876, 0.025648213166977678, 0.09155916464256075, 0.009269939560862516, 0.1958551536477337, 0.039788546661175095, -0.032363637651318916, -0.012634468853740477, 0.050129626195021475, 0.020596363077241876, -0.019045241020883532, 0.07852174575283159, 0.2708087632656743, 0.008823531013441422, 0.1765168434561845, 0.22868029326772998, 0.031001390982476413, 0.039788546661175095, -0.0007437218907367804, 0.015869321810093616, 0.12927457116452867, 0.2990247129919735, 0.06636191954086228, 0.37436873073721866, 0.053473363814128747, 0.060370410838970275, 0.020170477808921037, 0.021021487439572644, 0.10782234068318775, 0.031001390982476413, 0.14080813136780532, 0.19534486242835197, -0.008288843909119525, 0.1872976741752024, 0.15756819234864922, 0.07884971217482092, 0.03623421194364091, 0.02895694506166045, 0.020596363077241876, 0.13427264999900698, 0.023556368174366016]
Desired Output : [0, 0, 1, 0, 0, 0, 0, 1, 0, 0, 0, 0, 0, 0, 0, 0, 0, 0, 0, 1, 1, 1, 0, 1, 1, 0, 0, 0, 0, 1, 1, 0, 0, 1, 0, 1, 0, 1, 1, 1, 0, 0, 0, 0, 0, 0, 1, 0, 1, 1, 1, 0, 1, 1, 1, 1, 0, 0]
AUC ROC Score from testing : 0.48547979797979796

Fold : 5
Feature Set : ['210019_at', '218252_at', '220387_s_at', '206249_at', '211302_s_at']
Actual Output : [0.7219952880628262, 0.3470057033796351, 0.5964357117032166, 0.5835201144499954, 0.29435995917687435, 0.6598244495271728, 0.6488638278926382, 0.7206920575235667, 0.6227852800415221, 0.750918562230229, 0.6291571251056605, 0.5507002963748402, 0.6819168228274968, 0.584762901443344, 0.8109232436110165, 0.5351239657749237, 0.554470022630159, -0.2679618407172546, 0.4903087473010406, 0.8832427562704811, 0.6396074961492515, 0.7884642615010571, 0.6196180765151487, 0.6656257010249365, 0.8690891537751466, 0.7621068541211101, 0.4745066223831544, 0.8332266502332988, 0.2192016824110112, 0.8306452482614398, 0.5089168286756155, 0.6507843120701716, -0.5166101108840533, 0.8111597350511593, 0.6886004504026632, 0.7041339242392657, 0.7493063703714086, 0.8772635644357827, 0.5395481648500402, 0.7419818161687198, 0.1859198599398537, 0.6644427250968632, 0.6340434715763755, 0.7089582655228506, 0.5128354534717365, 0.4018533566626063, 0.7119235947907592, 0.6254148139628208, 0.6702824976093956, 0.6252953947827867, 0.40115647525701137, 0.6592709661829427, 0.6117848788829297, 0.5622985922354453]
Desired Output : [0, 0, 0, 0, 0, 0, 0, 0, 0, 1, 0, 0, 1, 0, 0, 0, 0, 0, 0, 1, 0, 0, 0, 0, 0, 0, 0, 0, 0, 0, 1, 1, 1, 0, 0, 1, 1, 1, 1, 1, 1, 0, 1, 1, 0, 1, 0, 1, 1, 1, 1, 0, 0, 0]
AUC ROC Score from testing : 0.5218045112781955


#### Summary ####
Average AUC score : 0.540598
AUC score from feature selection in each fold : [0.6623563218390804, 0.6551724137931035, 0.5752561071710007, 0.6335697399527187, 0.6748511904761905]
Size of feature set which gives the highest AUC score from testing : 4
Feature set which gives the highest AUC score from testing : 
['220754_at', '216721_at', '211280_s_at', '222077_s_at']
Time Elapse : 3.75 minutes (0.06 hours)
#################################### Epoch : 2 ####################################
Fold : 1
Feature Set : ['209716_at', '205898_at', '201642_at', '209846_s_at']
Actual Output : [0.4205000198187462, 0.2846245580875083, 0.500872763099713, 0.35748011726621126, 0.15465492476717896, 0.42374901866616227, 0.31555733438483313, 0.17360861295271657, 0.11789720869656724, 0.08919283485134644, 0.34807999881722795, 0.3463100235464968, 0.12432262146650562, 0.5076907684371236, 0.14508421551195436, 0.3838425832152165, 0.41881684675701686, 0.2126532122763455, 0.1569053543795192, 0.43372081444592586, 0.12029125186020788, 0.4575997202400922, 0.5160140946410372, 0.6195943743575125, 0.3368586146513825, 0.09881341590196129, 0.5747673619635207, 0.2344677373140454, 0.5014590000242525, 0.43124892301637247, 0.23044904100254954, 0.14529917389900415, 0.3620193915260795, 0.36750988586756056, 0.22109761055492527, 0.2823098228144125, 0.37439429404868635, -0.0026394358120377433, 0.18552830032802434, 0.17209159797359716, 0.40993923976782554, 0.4003327394946916, 0.33994177541742365, 0.2025912040262227, 0.10703504090458124, 0.3118190553645695, 0.3659049910333259, 0.41701760461819265, 0.2101276529094062, 0.31986551271239266, 0.34905174559196, 0.4941878272156373, 0.4411428280829343, 0.16408653062376788, 0.5311309881773884, 0.05198490631461869, 0.24048659876872863, 0.19613257869815248]
Desired Output : [0, 0, 0, 0, 0, 1, 0, 1, 1, 0, 0, 0, 0, 0, 1, 0, 1, 0, 0, 0, 0, 1, 1, 1, 0, 0, 1, 1, 0, 1, 0, 1, 0, 0, 0, 0, 1, 0, 0, 1, 1, 1, 0, 0, 0, 1, 0, 1, 1, 0, 0, 0, 1, 1, 0, 0, 1, 0]
AUC ROC Score from testing : 0.6035353535353536

Fold : 2
Feature Set : ['212900_at', '213536_s_at']
Actual Output : [0.5237072325330692, 0.7617838186814974, 0.19597266321963633, 0.08628498933868213, 0.6765590705184515, 0.5969775622487138, 0.41680453008570606, 0.5994775836660922, 0.7700377259190203, 0.7366356044862027, 0.22317546850326514, 0.0642652729835187, 0.46094584017466655, -0.41116981012829495, 0.4068232663002735, 0.06060568080242849, 0.6236315628543002, 0.5422415749916741, 0.35134621034249397, 0.23410314306604105, 0.8027907928950403, 0.28311566558558043, 0.741819476743761, 0.7641238769906872, 0.7315352941491886, 0.08113194204996386, 0.7135426344650099, 0.12763951381187055, 0.44894667572925046, 0.4574343952396566, 0.7900097501959598, 0.25739444232852365, 0.4429291604035158, 0.7409156543835798, 0.51922103404143, 0.7302930111291045, 0.06482622921891658, 0.7467993104250175, 0.7345888659833426, -0.19962212086461859, 0.7277892041955256, 0.5521671981001471, 0.8245687983923341, -0.3262026432705168, 0.3254565088963639, 0.5997184487077424, 0.5138435425918608, 0.6450683408784258, -0.34093793477993034, 0.5828139430097158, 0.43643112975249543, 0.4025087585620831, 0.4128690230577619, 0.338511056057122, 0.8888127662441311, 0.7447918719578264, 0.4472012753273319, 0.5062591286045975]
Desired Output : [0, 0, 0, 0, 0, 1, 0, 1, 1, 0, 0, 0, 0, 0, 1, 0, 0, 1, 0, 1, 0, 0, 1, 1, 0, 0, 0, 0, 0, 0, 0, 0, 1, 1, 0, 1, 0, 1, 0, 0, 0, 1, 1, 1, 0, 1, 0, 0, 0, 0, 1, 1, 1, 1, 1, 1, 0, 0]
AUC ROC Score from testing : 0.6679292929292929

Fold : 3
Feature Set : ['211004_s_at', '211451_s_at', '219314_s_at', '202324_s_at']
Actual Output : [0.520619112230359, 0.562947365164815, 0.534615588243495, 0.5014616344827095, 0.3606612859789933, 0.5651965874612302, 0.47065530355306945, 0.4537046976316111, 0.6013035072051518, 0.4801114419798226, 0.44713396798936905, 0.5891358200420458, 0.4151596488172125, 0.49000373751404314, 0.3933741043217776, 0.5079680221615287, 0.40933660888265483, 0.3298619427229435, 0.48730620214102033, 0.5197976308486247, 0.5910103490848375, 0.6286508027690827, 0.43322125343391416, 0.17815389035486784, 0.36277468584205086, -0.4188257572556441, 0.31061178355138225, 0.5533479658078565, 0.15868682586030033, 0.625942319777563, 0.6724601334396187, 0.5674381866826793, 0.28308340970175483, 0.45089981701416126, 0.28014836857224407, 0.4363081281265584, 0.47189996888607516, 0.48341655436753833, 0.3308556522435498, 0.5921059132130017, 0.40623474335443727, 0.23883940873343867, 0.45886277542293397, 0.6259385270362426, 0.25172710316677216, 0.42100913049101496, 0.43570193357197695, 0.5638547517038379, 0.46555839006958477, 0.6118150525126809, 0.6444909670849496, 0.3128140612408318, 0.5661503976442793, 0.5669440402424576, 0.5714714694697111, 0.6233209503464908, 0.3209530417119635, 0.5538683643927456]
Desired Output : [0, 1, 1, 1, 0, 0, 1, 0, 0, 0, 0, 0, 0, 0, 0, 1, 0, 0, 0, 0, 0, 0, 0, 0, 1, 0, 0, 0, 1, 0, 0, 0, 0, 1, 1, 1, 1, 0, 1, 1, 0, 0, 1, 1, 1, 0, 1, 1, 1, 1, 1, 0, 0, 0, 0, 0, 1, 0]
AUC ROC Score from testing : 0.47474747474747475

Fold : 4
Feature Set : ['219193_at', '202324_s_at', '210019_at']
Actual Output : [0.6421735589524962, 0.7383016445249925, 0.6828411879030385, 0.736200655465598, 0.7555251666541957, 0.7564560002169599, 0.7338023542204254, 0.7051993924321956, 0.7068151648475607, 0.7211722370868898, 0.7588082357144358, 0.49111063224571283, 0.8175122658560047, 0.772285399373262, 0.6545662649511899, 0.698148151013574, 0.7944703824029719, 0.7376189467461642, 0.6576172740387456, 0.7084461785040586, 0.6925541028130624, 0.7184952677981081, 0.7377124506620638, 0.7379611617619117, 0.7660686084824675, 0.7459034206000564, 0.6252845801431302, 0.7541005730011086, 0.7139318109511344, 0.7980360674153932, 0.7432955475017754, 0.7391910743293493, 0.7585639613867573, 0.7360731401831244, 0.7401589300422745, 0.729518545164591, 0.6888717922556459, 0.6794514858036449, 0.7513463232526463, 0.7392824118149364, 0.7598620150147346, 0.7202638313899221, 0.7855109998930234, 0.7032576657289457, 0.7512707853081506, 0.5814978789768107, 0.7175131654415681, 0.7543882611774748, 0.7121003942061175, 0.7005636961147097, 0.7866124429616999, 0.7596659221003416, 0.6190539957472473, 0.7025673689553656, 0.6296084854387471, 0.7785933032826668, 0.7432382834320312, 0.7573948531317813]
Desired Output : [0, 0, 1, 0, 0, 0, 0, 1, 0, 0, 0, 0, 0, 0, 0, 0, 0, 0, 0, 1, 1, 1, 0, 1, 1, 0, 0, 0, 0, 1, 1, 0, 0, 1, 0, 1, 0, 1, 1, 1, 0, 0, 0, 0, 0, 0, 1, 0, 1, 1, 1, 0, 1, 1, 1, 1, 0, 0]
AUC ROC Score from testing : 0.4191919191919192

Fold : 5
Feature Set : ['211451_s_at', '201369_s_at', '206904_at', '212900_at', '210593_at']
Actual Output : [0.3712231802506191, 0.5321246089270145, -0.022268575412921963, 0.30974464711817445, 0.1458646668156202, 0.5027924626736858, 0.36877998576516025, 0.30434149106504965, 0.4648973407178038, 0.4269875830713416, 0.3667087182852534, 0.4376830923595218, 0.27323352296449693, 0.3079024371309458, 0.4638751326404546, -0.0038535998758842485, 0.386714803778823, 0.3381887644903122, 0.403530052926994, -0.02329913444964467, -0.03994469982804645, 0.41266985224527336, 0.30508682215662264, 0.48169925608601205, 0.22599735497144247, 0.39937832052038547, 0.3386320212686851, 0.5031812249254897, 0.3333446833574391, 0.3961785707283399, 0.3088803663035779, 0.47721978685354977, 0.18808499638593063, 0.4067950359003596, 0.415319024817658, 0.5209271671521113, 0.3270538472945195, 0.0736328879694879, 0.3166679465312268, 0.28006347478595783, 0.31624665079421377, 0.4378835379324363, 0.4222512333728091, 0.4028653218579717, 0.3771315978178011, -0.04155967346919019, 0.5257704865221894, 0.4625188115756037, 0.3683071417459802, 0.49685263799187956, 0.411729593620542, 0.3940819661600251, 0.04409152261432688, 0.5157030980985614]
Desired Output : [0, 0, 0, 0, 0, 0, 0, 0, 0, 1, 0, 0, 1, 0, 0, 0, 0, 0, 0, 1, 0, 0, 0, 0, 0, 0, 0, 0, 0, 0, 1, 1, 1, 0, 0, 1, 1, 1, 1, 1, 1, 0, 1, 1, 0, 1, 0, 1, 1, 1, 1, 0, 0, 0]
AUC ROC Score from testing : 0.4330827067669173


#### Summary ####
Average AUC score : 0.519697
AUC score from feature selection in each fold : [0.7198275862068965, 0.61150512214342, 0.6544540229885059, 0.7155172413793104, 0.701388888888889]
Size of feature set which gives the highest AUC score from testing : 4
Feature set which gives the highest AUC score from testing : 
['209716_at', '205898_at', '201642_at', '209846_s_at']
Time Elapse : 3.58 minutes (0.06 hours)

Average AUC score over 2 epoch : 0.530148


Feature frequency :
1. 210019_at : 3
2. 201369_s_at : 2
3. 206249_at : 2
4. 220387_s_at : 2
5. 212900_at : 2
6. 211451_s_at : 2
7. 202324_s_at : 2
8. 217747_s_at : 1
9. 200081_s_at : 1
10. 220743_at : 1

Total Time Elapse : 8.06 minutes (0.13 hours)
